1 -1.998
2 -1.996
3 -1.994
4 -1.99201
5 -1.99001
6 -1.98801
7 -1.98601
8 -1.98402
9 -1.98202
10 -1.98003
11 -1.97803
12 -1.97604
13 -1.97405
14 -1.97205
15 -1.97006
16 -1.96807
17 -1.96608
18 -1.96409
19 -1.9621
20 -1.96011
21 -1.95812
22 -1.95613
23 -1.95414
24 -1.95216
25 -1.95017
26 -1.94818
27 -1.9462
28 -1.94421
29 -1.94223
30 -1.94024
31 -1.93826
32 -1.93628
33 -1.93429
34 -1.93231
35 -1.93033
36 -1.92835
37 -1.92637
38 -1.92439
39 -1.92241
40 -1.92043
41 -1.91845
42 -1.91647
43 -1.91449
44 -1.91252
45 -1.91054
46 -1.90856
47 -1.90659
48 -1.90461
49 -1.90264
50 -1.90066
51 -1.89869
52 -1.89672
53 -1.89474
54 -1.89277
55 -1.8908
56 -1.88883
57 -1.88686
58 -1.88489
59 -1.88292
60 -1.88095
61 -1.87898
62 -1.87701
63 -1.87505
64 -1.87308
65 -1.87111
66 -1.86915
67 -1.86718
68 -1.86522
69 -1.86325
70 -1.86129
71 -1.85933
72 -1.85736
73 -1.8554
74 -1.85344
75 -1.85148
76 -1.84952
77 -1.84756
78 -1.8456
79 -1.84364
80 -1.84168
81 -1.83972
82 -1.83776
83 -1.8358
84 -1.83385
85 -1.83189
86 -1.82994
87 -1.82798
88 -1.82603
89 -1.82407
90 -1.82212
91 -1.82016
92 -1.81821
93 -1.81626
94 -1.81431
95 -1.81236
96 -1.8104
97 -1.80845
98 -1.8065
99 -1.80455
100 -1.80261
101 -1.80066
102 -1.79871
103 -1.79676
104 -1.79482
105 -1.79287
106 -1.79092
107 -1.78898
108 -1.78703
109 -1.78509
110 -1.78315
111 -1.7812
112 -1.77926
113 -1.77732
114 -1.77537
115 -1.77343
116 -1.77149
117 -1.76955
118 -1.76761
119 -1.76567
120 -1.76373
121 -1.7618
122 -1.75986
123 -1.75792
124 -1.75598
125 -1.75405
126 -1.75211
127 -1.75018
128 -1.74824
129 -1.74631
130 -1.74437
131 -1.74244
132 -1.74051
133 -1.73857
134 -1.73664
135 -1.73471
136 -1.73278
137 -1.73085
138 -1.72892
139 -1.72699
140 -1.72506
141 -1.72313
142 -1.7212
143 -1.71927
144 -1.71735
145 -1.71542
146 -1.71349
147 -1.71157
148 -1.70964
149 -1.70772
150 -1.70579
151 -1.70387
152 -1.70195
153 -1.70003
154 -1.6981
155 -1.69618
156 -1.69426
157 -1.69234
158 -1.69042
159 -1.6885
160 -1.68658
161 -1.68466
162 -1.68274
163 -1.68082
164 -1.67891
165 -1.67699
166 -1.67507
167 -1.67316
168 -1.67124
169 -1.66933
170 -1.66741
171 -1.6655
172 -1.66358
173 -1.66167
174 -1.65976
175 -1.65785
176 -1.65594
177 -1.65402
178 -1.65211
179 -1.6502
180 -1.64829
181 -1.64638
182 -1.64448
183 -1.64257
184 -1.64066
185 -1.63875
186 -1.63684
187 -1.63494
188 -1.63303
189 -1.63113
190 -1.62922
191 -1.62732
192 -1.62541
193 -1.62351
194 -1.62161
195 -1.6197
196 -1.6178
197 -1.6159
198 -1.614
199 -1.6121
200 -1.6102
201 -1.6083
202 -1.6064
203 -1.6045
204 -1.6026
205 -1.6007
206 -1.59881
207 -1.59691
208 -1.59501
209 -1.59312
210 -1.59122
211 -1.58933
212 -1.58743
213 -1.58554
214 -1.58365
215 -1.58175
216 -1.57986
217 -1.57797
218 -1.57608
219 -1.57418
220 -1.57229
221 -1.5704
222 -1.56851
223 -1.56662
224 -1.56474
225 -1.56285
226 -1.56096
227 -1.55907
228 -1.55718
229 -1.5553
230 -1.55341
231 -1.55153
232 -1.54964
233 -1.54776
234 -1.54587
235 -1.54399
236 -1.5421
237 -1.54022
238 -1.53834
239 -1.53646
240 -1.53458
241 -1.5327
242 -1.53081
243 -1.52893
244 -1.52706
245 -1.52518
246 -1.5233
247 -1.52142
248 -1.51954
249 -1.51766
250 -1.51579
251 -1.51391
252 -1.51204
253 -1.51016
254 -1.50828
255 -1.50641
256 -1.50454
257 -1.50266
258 -1.50079
259 -1.49892
260 -1.49704
261 -1.49517
262 -1.4933
263 -1.49143
264 -1.48956
265 -1.48769
266 -1.48582
267 -1.48395
268 -1.48208
269 -1.48022
270 -1.47835
271 -1.47648
272 -1.47461
273 -1.47275
274 -1.47088
275 -1.46902
276 -1.46715
277 -1.46529
278 -1.46342
279 -1.46156
280 -1.4597
281 -1.45783
282 -1.45597
283 -1.45411
284 -1.45225
285 -1.45039
286 -1.44853
287 -1.44667
288 -1.44481
289 -1.44295
290 -1.44109
291 -1.43923
292 -1.43738
293 -1.43552
294 -1.43366
295 -1.43181
296 -1.42995
297 -1.4281
298 -1.42624
299 -1.42439
300 -1.42253
301 -1.42068
302 -1.41883
303 -1.41697
304 -1.41512
305 -1.41327
306 -1.41142
307 -1.40957
308 -1.40772
309 -1.40587
310 -1.40402
311 -1.40217
312 -1.40032
313 -1.39847
314 -1.39662
315 -1.39478
316 -1.39293
317 -1.39108
318 -1.38924
319 -1.38739
320 -1.38555
321 -1.3837
322 -1.38186
323 -1.38001
324 -1.37817
325 -1.37633
326 -1.37449
327 -1.37264
328 -1.3708
329 -1.36896
330 -1.36712
331 -1.36528
332 -1.36344
333 -1.3616
334 -1.35976
335 -1.35793
336 -1.35609
337 -1.35425
338 -1.35241
339 -1.35058
340 -1.34874
341 -1.34691
342 -1.34507
343 -1.34324
344 -1.3414
345 -1.33957
346 -1.33773
347 -1.3359
348 -1.33407
349 -1.33224
350 -1.3304
351 -1.32857
352 -1.32674
353 -1.32491
354 -1.32308
355 -1.32125
356 -1.31942
357 -1.31759
358 -1.31577
359 -1.31394
360 -1.31211
361 -1.31028
362 -1.30846
363 -1.30663
364 -1.30481
365 -1.30298
366 -1.30116
367 -1.29933
368 -1.29751
369 -1.29569
370 -1.29386
371 -1.29204
372 -1.29022
373 -1.2884
374 -1.28658
375 -1.28475
376 -1.28293
377 -1.28111
378 -1.2793
379 -1.27748
380 -1.27566
381 -1.27384
382 -1.27202
383 -1.2702
384 -1.26839
385 -1.26657
386 -1.26476
387 -1.26294
388 -1.26113
389 -1.25931
390 -1.2575
391 -1.25568
392 -1.25387
393 -1.25206
394 -1.25024
395 -1.24843
396 -1.24662
397 -1.24481
398 -1.243
399 -1.24119
400 -1.23938
401 -1.23757
402 -1.23576
403 -1.23395
404 -1.23214
405 -1.23033
406 -1.22853
407 -1.22672
408 -1.22491
409 -1.22311
410 -1.2213
411 -1.2195
412 -1.21769
413 -1.21589
414 -1.21408
415 -1.21228
416 -1.21048
417 -1.20867
418 -1.20687
419 -1.20507
420 -1.20327
421 -1.20147
422 -1.19967
423 -1.19787
424 -1.19607
425 -1.19427
426 -1.19247
427 -1.19067
428 -1.18887
429 -1.18708
430 -1.18528
431 -1.18348
432 -1.18169
433 -1.17989
434 -1.1781
435 -1.1763
436 -1.17451
437 -1.17271
438 -1.17092
439 -1.16912
440 -1.16733
441 -1.16554
442 -1.16375
443 -1.16196
444 -1.16016
445 -1.15837
446 -1.15658
447 -1.15479
448 -1.153
449 -1.15121
450 -1.14943
451 -1.14764
452 -1.14585
453 -1.14406
454 -1.14228
455 -1.14049
456 -1.1387
457 -1.13692
458 -1.13513
459 -1.13335
460 -1.13156
461 -1.12978
462 -1.12799
463 -1.12621
464 -1.12443
465 -1.12265
466 -1.12086
467 -1.11908
468 -1.1173
469 -1.11552
470 -1.11374
471 -1.11196
472 -1.11018
473 -1.1084
474 -1.10662
475 -1.10485
476 -1.10307
477 -1.10129
478 -1.09951
479 -1.09774
480 -1.09596
481 -1.09418
482 -1.09241
483 -1.09063
484 -1.08886
485 -1.08709
486 -1.08531
487 -1.08354
488 -1.08177
489 -1.07999
490 -1.07822
491 -1.07645
492 -1.07468
493 -1.07291
494 -1.07114
495 -1.06937
496 -1.0676
497 -1.06583
498 -1.06406
499 -1.06229
500 -1.06052
501 -1.05876
502 -1.05699
503 -1.05522
504 -1.05346
505 -1.05169
506 -1.04993
507 -1.04816
508 -1.0464
509 -1.04463
510 -1.04287
511 -1.0411
512 -1.03934
513 -1.03758
514 -1.03582
515 -1.03405
516 -1.03229
517 -1.03053
518 -1.02877
519 -1.02701
520 -1.02525
521 -1.02349
522 -1.02173
523 -1.01997
524 -1.01822
525 -1.01646
526 -1.0147
527 -1.01294
528 -1.01119
529 -1.00943
530 -1.00768
531 -1.00592
532 -1.00417
533 -1.00241
534 -1.00066
535 -0.998904
536 -0.997151
537 -0.995398
538 -0.993646
539 -0.991894
540 -0.990142
541 -0.988391
542 -0.98664
543 -0.98489
544 -0.98314
545 -0.98139
546 -0.979641
547 -0.977892
548 -0.976143
549 -0.974395
550 -0.972648
551 -0.970901
552 -0.969154
553 -0.967407
554 -0.965661
555 -0.963916
556 -0.96217
557 -0.960426
558 -0.958681
559 -0.956937
560 -0.955193
561 -0.95345
562 -0.951707
563 -0.949965
564 -0.948223
565 -0.946481
566 -0.94474
567 -0.942999
568 -0.941259
569 -0.939519
570 -0.937779
571 -0.93604
572 -0.934301
573 -0.932563
574 -0.930825
575 -0.929087
576 -0.92735
577 -0.925613
578 -0.923876
579 -0.92214
580 -0.920405
581 -0.918669
582 -0.916934
583 -0.9152
584 -0.913466
585 -0.911732
586 -0.909999
587 -0.908266
588 -0.906533
589 -0.904801
590 -0.903069
591 -0.901338
592 -0.899607
593 -0.897877
594 -0.896146
595 -0.894417
596 -0.892687
597 -0.890958
598 -0.88923
599 -0.887501
600 -0.885774
601 -0.884046
602 -0.882319
603 -0.880593
604 -0.878866
605 -0.877141
606 -0.875415
607 -0.87369
608 -0.871965
609 -0.870241
610 -0.868517
611 -0.866794
612 -0.865071
613 -0.863348
614 -0.861625
615 -0.859904
616 -0.858182
617 -0.856461
618 -0.85474
619 -0.85302
620 -0.8513
621 -0.84958
622 -0.847861
623 -0.846142
624 -0.844423
625 -0.842705
626 -0.840988
627 -0.83927
628 -0.837554
629 -0.835837
630 -0.834121
631 -0.832405
632 -0.83069
633 -0.828975
634 -0.82726
635 -0.825546
636 -0.823832
637 -0.822119
638 -0.820406
639 -0.818693
640 -0.816981
641 -0.815269
642 -0.813557
643 -0.811846
644 -0.810136
645 -0.808425
646 -0.806715
647 -0.805006
648 -0.803296
649 -0.801588
650 -0.799879
651 -0.798171
652 -0.796464
653 -0.794756
654 -0.793049
655 -0.791343
656 -0.789637
657 -0.787931
658 -0.786226
659 -0.784521
660 -0.782816
661 -0.781112
662 -0.779408
663 -0.777704
664 -0.776001
665 -0.774299
666 -0.772596
667 -0.770894
668 -0.769193
669 -0.767492
670 -0.765791
671 -0.76409
672 -0.76239
673 -0.760691
674 -0.758991
675 -0.757293
676 -0.755594
677 -0.753896
678 -0.752198
679 -0.750501
680 -0.748804
681 -0.747107
682 -0.745411
683 -0.743715
684 -0.742019
685 -0.740324
686 -0.73863
687 -0.736935
688 -0.735241
689 -0.733548
690 -0.731854
691 -0.730161
692 -0.728469
693 -0.726777
694 -0.725085
695 -0.723394
696 -0.721703
697 -0.720012
698 -0.718322
699 -0.716632
700 -0.714943
701 -0.713253
702 -0.711565
703 -0.709876
704 -0.708188
705 -0.706501
706 -0.704814
707 -0.703127
708 -0.70144
709 -0.699754
710 -0.698068
711 -0.696383
712 -0.694698
713 -0.693013
714 -0.691329
715 -0.689645
716 -0.687962
717 -0.686278
718 -0.684596
719 -0.682913
720 -0.681231
721 -0.67955
722 -0.677868
723 -0.676187
724 -0.674507
725 -0.672827
726 -0.671147
727 -0.669468
728 -0.667788
729 -0.66611
730 -0.664431
731 -0.662754
732 -0.661076
733 -0.659399
734 -0.657722
735 -0.656045
736 -0.654369
737 -0.652694
738 -0.651018
739 -0.649343
740 -0.647669
741 -0.645994
742 -0.64432
743 -0.642647
744 -0.640974
745 -0.639301
746 -0.637629
747 -0.635956
748 -0.634285
749 -0.632613
750 -0.630943
751 -0.629272
752 -0.627602
753 -0.625932
754 -0.624262
755 -0.622593
756 -0.620924
757 -0.619256
758 -0.617588
759 -0.61592
760 -0.614253
761 -0.612586
762 -0.61092
763 -0.609253
764 -0.607588
765 -0.605922
766 -0.604257
767 -0.602592
768 -0.600928
769 -0.599264
770 -0.5976
771 -0.595937
772 -0.594274
773 -0.592611
774 -0.590949
775 -0.589287
776 -0.587626
777 -0.585965
778 -0.584304
779 -0.582644
780 -0.580984
781 -0.579324
782 -0.577665
783 -0.576006
784 -0.574347
785 -0.572689
786 -0.571031
787 -0.569373
788 -0.567716
789 -0.56606
790 -0.564403
791 -0.562747
792 -0.561091
793 -0.559436
794 -0.557781
795 -0.556126
796 -0.554472
797 -0.552818
798 -0.551165
799 -0.549511
800 -0.547859
801 -0.546206
802 -0.544554
803 -0.542902
804 -0.541251
805 -0.5396
806 -0.537949
807 -0.536299
808 -0.534649
809 -0.532999
810 -0.53135
811 -0.529701
812 -0.528053
813 -0.526404
814 -0.524757
815 -0.523109
816 -0.521462
817 -0.519815
818 -0.518169
819 -0.516523
820 -0.514877
821 -0.513232
822 -0.511587
823 -0.509942
824 -0.508298
825 -0.506654
826 -0.505011
827 -0.503367
828 -0.501725
829 -0.500082
830 -0.49844
831 -0.496798
832 -0.495157
833 -0.493516
834 -0.491875
835 -0.490234
836 -0.488594
837 -0.486955
838 -0.485315
839 -0.483677
840 -0.482038
841 -0.4804
842 -0.478762
843 -0.477124
844 -0.475487
845 -0.47385
846 -0.472214
847 -0.470578
848 -0.468942
849 -0.467306
850 -0.465671
851 -0.464036
852 -0.462402
853 -0.460768
854 -0.459134
855 -0.457501
856 -0.455868
857 -0.454235
858 -0.452603
859 -0.450971
860 -0.44934
861 -0.447708
862 -0.446078
863 -0.444447
864 -0.442817
865 -0.441187
866 -0.439557
867 -0.437928
868 -0.4363
869 -0.434671
870 -0.433043
871 -0.431415
872 -0.429788
873 -0.428161
874 -0.426534
875 -0.424908
876 -0.423282
877 -0.421656
878 -0.420031
879 -0.418406
880 -0.416781
881 -0.415157
882 -0.413533
883 -0.411909
884 -0.410286
885 -0.408663
886 -0.407041
887 -0.405418
888 -0.403797
889 -0.402175
890 -0.400554
891 -0.398933
892 -0.397313
893 -0.395692
894 -0.394073
895 -0.392453
896 -0.390834
897 -0.389215
898 -0.387597
899 -0.385979
900 -0.384361
901 -0.382744
902 -0.381127
903 -0.37951
904 -0.377894
905 -0.376278
906 -0.374662
907 -0.373047
908 -0.371432
909 -0.369817
910 -0.368203
911 -0.366589
912 -0.364975
913 -0.363362
914 -0.361749
915 -0.360136
916 -0.358524
917 -0.356912
918 -0.355301
919 -0.353689
920 -0.352079
921 -0.350468
922 -0.348858
923 -0.347248
924 -0.345638
925 -0.344029
926 -0.34242
927 -0.340812
928 -0.339204
929 -0.337596
930 -0.335988
931 -0.334381
932 -0.332774
933 -0.331168
934 -0.329562
935 -0.327956
936 -0.326351
937 -0.324745
938 -0.323141
939 -0.321536
940 -0.319932
941 -0.318328
942 -0.316725
943 -0.315122
944 -0.313519
945 -0.311917
946 -0.310315
947 -0.308713
948 -0.307112
949 -0.30551
950 -0.30391
951 -0.302309
952 -0.300709
953 -0.29911
954 -0.29751
955 -0.295911
956 -0.294312
957 -0.292714
958 -0.291116
959 -0.289518
960 -0.287921
961 -0.286324
962 -0.284727
963 -0.283131
964 -0.281535
965 -0.279939
966 -0.278344
967 -0.276749
968 -0.275154
969 -0.27356
970 -0.271966
971 -0.270372
972 -0.268779
973 -0.267185
974 -0.265593
975 -0.264
976 -0.262408
977 -0.260817
978 -0.259225
979 -0.257634
980 -0.256044
981 -0.254453
982 -0.252863
983 -0.251273
984 -0.249684
985 -0.248095
986 -0.246506
987 -0.244918
988 -0.24333
989 -0.241742
990 -0.240155
991 -0.238568
992 -0.236981
993 -0.235395
994 -0.233809
995 -0.232223
996 -0.230637
997 -0.229052
998 -0.227468
999 -0.225883
1000 -0.224299
1001 -0.222715
1002 -0.221132
1003 -0.219549
1004 -0.217966
1005 -0.216384
1006 -0.214802
1007 -0.21322
1008 -0.211638
1009 -0.210057
1010 -0.208476
1011 -0.206896
1012 -0.205316
1013 -0.203736
1014 -0.202156
1015 -0.200577
1016 -0.198998
1017 -0.19742
1018 -0.195842
1019 -0.194264
1020 -0.192686
1021 -0.191109
1022 -0.189532
1023 -0.187956
1024 -0.18638
1025 -0.184804
1026 -0.183228
1027 -0.181653
1028 -0.180078
1029 -0.178503
1030 -0.176929
1031 -0.175355
1032 -0.173782
1033 -0.172208
1034 -0.170635
1035 -0.169063
1036 -0.16749
1037 -0.165918
1038 -0.164347
1039 -0.162775
1040 -0.161204
1041 -0.159634
1042 -0.158063
1043 -0.156493
1044 -0.154924
1045 -0.153354
1046 -0.151785
1047 -0.150216
1048 -0.148648
1049 -0.14708
1050 -0.145512
1051 -0.143945
1052 -0.142377
1053 -0.140811
1054 -0.139244
1055 -0.137678
1056 -0.136112
1057 -0.134547
1058 -0.132981
1059 -0.131416
1060 -0.129852
1061 -0.128288
1062 -0.126724
1063 -0.12516
1064 -0.123597
1065 -0.122034
1066 -0.120471
1067 -0.118909
1068 -0.117347
1069 -0.115785
1070 -0.114224
1071 -0.112663
1072 -0.111102
1073 -0.109542
1074 -0.107982
1075 -0.106422
1076 -0.104862
1077 -0.103303
1078 -0.101745
1079 -0.100186
1080 -0.0986279
1081 -0.09707
1082 -0.0955125
1083 -0.0939553
1084 -0.0923984
1085 -0.0908418
1086 -0.0892856
1087 -0.0877297
1088 -0.086174
1089 -0.0846187
1090 -0.0830638
1091 -0.0815091
1092 -0.0799547
1093 -0.0784007
1094 -0.076847
1095 -0.0752936
1096 -0.0737405
1097 -0.0721878
1098 -0.0706353
1099 -0.0690832
1100 -0.0675314
1101 -0.0659799
1102 -0.0644287
1103 -0.0628778
1104 -0.0613273
1105 -0.059777
1106 -0.0582271
1107 -0.0566775
1108 -0.0551282
1109 -0.0535792
1110 -0.0520306
1111 -0.0504822
1112 -0.0489342
1113 -0.0473865
1114 -0.0458391
1115 -0.044292
1116 -0.0427452
1117 -0.0411988
1118 -0.0396526
1119 -0.0381068
1120 -0.0365613
1121 -0.0350161
1122 -0.0334712
1123 -0.0319266
1124 -0.0303823
1125 -0.0288384
1126 -0.0272947
1127 -0.0257514
1128 -0.0242084
1129 -0.0226657
1130 -0.0211233
1131 -0.0195812
1132 -0.0180395
1133 -0.016498
1134 -0.0149569
1135 -0.013416
1136 -0.0118755
1137 -0.0103353
1138 -0.00879543
1139 -0.00725585
1140 -0.00571657
1141 -0.00417761
1142 -0.00263896
1143 -0.00110062
1144 0.000437405
1145 0.00197512
1146 0.00351253
1147 0.00504963
1148 0.00658642
1149 0.00812289
1150 0.00965906
1151 0.0111949
1152 0.0127305
1153 0.0142657
1154 0.0158006
1155 0.0173353
1156 0.0188696
1157 0.0204036
1158 0.0219373
1159 0.0234706
1160 0.0250037
1161 0.0265365
1162 0.028069
1163 0.0296011
1164 0.0311329
1165 0.0326645
1166 0.0341957
1167 0.0357266
1168 0.0372572
1169 0.0387875
1170 0.0403175
1171 0.0418472
1172 0.0433766
1173 0.0449057
1174 0.0464345
1175 0.0479629
1176 0.0494911
1177 0.0510189
1178 0.0525465
1179 0.0540737
1180 0.0556006
1181 0.0571273
1182 0.0586536
1183 0.0601796
1184 0.0617053
1185 0.0632307
1186 0.0647558
1187 0.0662806
1188 0.0678051
1189 0.0693292
1190 0.0708531
1191 0.0723767
1192 0.0739
1193 0.0754229
1194 0.0769456
1195 0.0784679
1196 0.07999
1197 0.0815117
1198 0.0830332
1199 0.0845543
1200 0.0860751
1201 0.0875957
1202 0.0891159
1203 0.0906358
1204 0.0921554
1205 0.0936748
1206 0.0951938
1207 0.0967125
1208 0.0982309
1209 0.099749
1210 0.101267
1211 0.102784
1212 0.104301
1213 0.105818
1214 0.107335
1215 0.108851
1216 0.110367
1217 0.111883
1218 0.113398
1219 0.114913
1220 0.116428
1221 0.117943
1222 0.119457
1223 0.120971
1224 0.122484
1225 0.123998
1226 0.125511
1227 0.127023
1228 0.128536
1229 0.130048
1230 0.13156
1231 0.133071
1232 0.134582
1233 0.136093
1234 0.137604
1235 0.139114
1236 0.140624
1237 0.142134
1238 0.143643
1239 0.145152
1240 0.146661
1241 0.148169
1242 0.149677
1243 0.151185
1244 0.152693
1245 0.1542
1246 0.155707
1247 0.157214
1248 0.15872
1249 0.160226
1250 0.161732
1251 0.163238
1252 0.164743
1253 0.166248
1254 0.167752
1255 0.169257
1256 0.170761
1257 0.172265
1258 0.173768
1259 0.175271
1260 0.176774
1261 0.178276
1262 0.179779
1263 0.181281
1264 0.182782
1265 0.184284
1266 0.185785
1267 0.187285
1268 0.188786
1269 0.190286
1270 0.191786
1271 0.193286
1272 0.194785
1273 0.196284
1274 0.197782
1275 0.199281
1276 0.200779
1277 0.202277
1278 0.203774
1279 0.205272
1280 0.206768
1281 0.208265
1282 0.209761
1283 0.211257
1284 0.212753
1285 0.214249
1286 0.215744
1287 0.217239
1288 0.218733
1289 0.220228
1290 0.221722
1291 0.223215
1292 0.224709
1293 0.226202
1294 0.227695
1295 0.229187
1296 0.230679
1297 0.232171
1298 0.233663
1299 0.235154
1300 0.236645
1301 0.238136
1302 0.239627
1303 0.241117
1304 0.242607
1305 0.244096
1306 0.245586
1307 0.247075
1308 0.248563
1309 0.250052
1310 0.25154
1311 0.253028
1312 0.254515
1313 0.256003
1314 0.25749
1315 0.258976
1316 0.260463
1317 0.261949
1318 0.263435
1319 0.26492
1320 0.266405
1321 0.26789
1322 0.269375
1323 0.27086
1324 0.272344
1325 0.273827
1326 0.275311
1327 0.276794
1328 0.278277
1329 0.27976
1330 0.281242
1331 0.282724
1332 0.284206
1333 0.285687
1334 0.287169
1335 0.28865
1336 0.29013
1337 0.291611
1338 0.293091
1339 0.29457
1340 0.29605
1341 0.297529
1342 0.299008
1343 0.300487
1344 0.301965
1345 0.303443
1346 0.304921
1347 0.306398
1348 0.307875
1349 0.309352
1350 0.310829
1351 0.312305
1352 0.313781
1353 0.315257
1354 0.316732
1355 0.318208
1356 0.319683
1357 0.321157
1358 0.322631
1359 0.324106
1360 0.325579
1361 0.327053
1362 0.328526
1363 0.329999
1364 0.331471
1365 0.332944
1366 0.334416
1367 0.335888
1368 0.337359
1369 0.33883
1370 0.340301
1371 0.341772
1372 0.343242
1373 0.344712
1374 0.346182
1375 0.347651
1376 0.349121
1377 0.35059
1378 0.352058
1379 0.353527
1380 0.354995
1381 0.356462
1382 0.35793
1383 0.359397
1384 0.360864
1385 0.362331
1386 0.363797
1387 0.365263
1388 0.366729
1389 0.368195
1390 0.36966
1391 0.371125
1392 0.37259
1393 0.374054
1394 0.375518
1395 0.376982
1396 0.378446
1397 0.379909
1398 0.381372
1399 0.382835
1400 0.384297
1401 0.385759
1402 0.387221
1403 0.388683
1404 0.390144
1405 0.391605
1406 0.393066
1407 0.394526
1408 0.395986
1409 0.397446
1410 0.398906
1411 0.400365
1412 0.401824
1413 0.403283
1414 0.404742
1415 0.4062
1416 0.407658
1417 0.409116
1418 0.410573
1419 0.41203
1420 0.413487
1421 0.414943
1422 0.4164
1423 0.417856
1424 0.419312
1425 0.420767
1426 0.422222
1427 0.423677
1428 0.425132
1429 0.426586
1430 0.42804
1431 0.429494
1432 0.430947
1433 0.432401
1434 0.433854
1435 0.435306
1436 0.436759
1437 0.438211
1438 0.439663
1439 0.441114
1440 0.442565
1441 0.444017
1442 0.445467
1443 0.446918
1444 0.448368
1445 0.449818
1446 0.451267
1447 0.452717
1448 0.454166
1449 0.455615
1450 0.457063
1451 0.458511
1452 0.459959
1453 0.461407
1454 0.462855
1455 0.464302
1456 0.465749
1457 0.467195
1458 0.468642
1459 0.470088
1460 0.471533
1461 0.472979
1462 0.474424
1463 0.475869
1464 0.477314
1465 0.478758
1466 0.480202
1467 0.481646
1468 0.48309
1469 0.484533
1470 0.485976
1471 0.487419
1472 0.488862
1473 0.490304
1474 0.491746
1475 0.493187
1476 0.494629
1477 0.49607
1478 0.497511
1479 0.498951
1480 0.500392
1481 0.501832
1482 0.503272
1483 0.504711
1484 0.50615
1485 0.507589
1486 0.509028
1487 0.510466
1488 0.511904
1489 0.513342
1490 0.51478
1491 0.516217
1492 0.517654
1493 0.519091
1494 0.520528
1495 0.521964
1496 0.5234
1497 0.524836
1498 0.526271
1499 0.527706
1500 0.529141
1501 0.530576
1502 0.53201
1503 0.533444
1504 0.534878
1505 0.536311
1506 0.537745
1507 0.539178
1508 0.54061
1509 0.542043
1510 0.543475
1511 0.544907
1512 0.546339
1513 0.54777
1514 0.549201
1515 0.550632
1516 0.552063
1517 0.553493
1518 0.554923
1519 0.556353
1520 0.557782
1521 0.559211
1522 0.56064
1523 0.562069
1524 0.563498
1525 0.564926
1526 0.566354
1527 0.567781
1528 0.569209
1529 0.570636
1530 0.572063
1531 0.573489
1532 0.574915
1533 0.576341
1534 0.577767
1535 0.579193
1536 0.580618
1537 0.582043
1538 0.583468
1539 0.584892
1540 0.586316
1541 0.58774
1542 0.589164
1543 0.590587
1544 0.59201
1545 0.593433
1546 0.594856
1547 0.596278
1548 0.5977
1549 0.599122
1550 0.600543
1551 0.601964
1552 0.603385
1553 0.604806
1554 0.606227
1555 0.607647
1556 0.609067
1557 0.610486
1558 0.611906
1559 0.613325
1560 0.614744
1561 0.616162
1562 0.617581
1563 0.618999
1564 0.620416
1565 0.621834
1566 0.623251
1567 0.624668
1568 0.626085
1569 0.627501
1570 0.628918
1571 0.630334
1572 0.631749
1573 0.633165
1574 0.63458
1575 0.635995
1576 0.637409
1577 0.638824
1578 0.640238
1579 0.641652
1580 0.643065
1581 0.644479
1582 0.645892
1583 0.647305
1584 0.648717
1585 0.650129
1586 0.651541
1587 0.652953
1588 0.654365
1589 0.655776
1590 0.657187
1591 0.658598
1592 0.660008
1593 0.661418
1594 0.662828
1595 0.664238
1596 0.665647
1597 0.667056
1598 0.668465
1599 0.669874
1600 0.671282
1601 0.67269
1602 0.674098
1603 0.675506
1604 0.676913
1605 0.67832
1606 0.679727
1607 0.681134
1608 0.68254
1609 0.683946
1610 0.685352
1611 0.686757
1612 0.688162
1613 0.689567
1614 0.690972
1615 0.692377
1616 0.693781
1617 0.695185
1618 0.696588
1619 0.697992
1620 0.699395
1621 0.700798
1622 0.702201
1623 0.703603
1624 0.705005
1625 0.706407
1626 0.707809
1627 0.70921
1628 0.710611
1629 0.712012
1630 0.713413
1631 0.714813
1632 0.716213
1633 0.717613
1634 0.719012
1635 0.720412
1636 0.721811
1637 0.72321
1638 0.724608
1639 0.726006
1640 0.727404
1641 0.728802
1642 0.7302
1643 0.731597
1644 0.732994
1645 0.734391
1646 0.735787
1647 0.737183
1648 0.738579
1649 0.739975
1650 0.741371
1651 0.742766
1652 0.744161
1653 0.745555
1654 0.74695
1655 0.748344
1656 0.749738
1657 0.751132
1658 0.752525
1659 0.753918
1660 0.755311
1661 0.756704
1662 0.758096
1663 0.759488
1664 0.76088
1665 0.762272
1666 0.763663
1667 0.765054
1668 0.766445
1669 0.767836
1670 0.769226
1671 0.770616
1672 0.772006
1673 0.773396
1674 0.774785
1675 0.776174
1676 0.777563
1677 0.778952
1678 0.78034
1679 0.781728
1680 0.783116
1681 0.784504
1682 0.785891
1683 0.787278
1684 0.788665
1685 0.790051
1686 0.791438
1687 0.792824
1688 0.79421
1689 0.795595
1690 0.796981
1691 0.798366
1692 0.79975
1693 0.801135
1694 0.802519
1695 0.803903
1696 0.805287
1697 0.806671
1698 0.808054
1699 0.809437
1700 0.81082
1701 0.812202
1702 0.813585
1703 0.814967
1704 0.816348
1705 0.81773
1706 0.819111
1707 0.820492
1708 0.821873
1709 0.823254
1710 0.824634
1711 0.826014
1712 0.827394
1713 0.828773
1714 0.830153
1715 0.831532
1716 0.832911
1717 0.834289
1718 0.835667
1719 0.837045
1720 0.838423
1721 0.839801
1722 0.841178
1723 0.842555
1724 0.843932
1725 0.845308
1726 0.846685
1727 0.848061
1728 0.849437
1729 0.850812
1730 0.852187
1731 0.853563
1732 0.854937
1733 0.856312
1734 0.857686
1735 0.85906
1736 0.860434
1737 0.861808
1738 0.863181
1739 0.864554
1740 0.865927
1741 0.8673
1742 0.868672
1743 0.870044
1744 0.871416
1745 0.872787
1746 0.874159
1747 0.87553
1748 0.876901
1749 0.878271
1750 0.879642
1751 0.881012
1752 0.882382
1753 0.883751
1754 0.885121
1755 0.88649
1756 0.887859
1757 0.889227
1758 0.890596
1759 0.891964
1760 0.893332
1761 0.894699
1762 0.896067
1763 0.897434
1764 0.898801
1765 0.900168
1766 0.901534
1767 0.9029
1768 0.904266
1769 0.905632
1770 0.906997
1771 0.908362
1772 0.909727
1773 0.911092
1774 0.912457
1775 0.913821
1776 0.915185
1777 0.916549
1778 0.917912
1779 0.919275
1780 0.920638
1781 0.922001
1782 0.923364
1783 0.924726
1784 0.926088
1785 0.92745
1786 0.928811
1787 0.930172
1788 0.931534
1789 0.932894
1790 0.934255
1791 0.935615
1792 0.936975
1793 0.938335
1794 0.939695
1795 0.941054
1796 0.942413
1797 0.943772
1798 0.945131
1799 0.946489
1800 0.947847
1801 0.949205
1802 0.950563
1803 0.95192
1804 0.953277
1805 0.954634
1806 0.955991
1807 0.957348
1808 0.958704
1809 0.96006
1810 0.961415
1811 0.962771
1812 0.964126
1813 0.965481
1814 0.966836
1815 0.96819
1816 0.969545
1817 0.970899
1818 0.972253
1819 0.973606
1820 0.974959
1821 0.976313
1822 0.977665
1823 0.979018
1824 0.98037
1825 0.981722
1826 0.983074
1827 0.984426
1828 0.985777
1829 0.987129
1830 0.988479
1831 0.98983
1832 0.991181
1833 0.992531
1834 0.993881
1835 0.99523
1836 0.99658
1837 0.997929
1838 0.999278
1839 1.00063
1840 1.00198
1841 1.00332
1842 1.00467
1843 1.00602
1844 1.00737
1845 1.00871
1846 1.01006
1847 1.01141
1848 1.01276
1849 1.0141
1850 1.01545
1851 1.01679
1852 1.01814
1853 1.01948
1854 1.02083
1855 1.02217
1856 1.02352
1857 1.02486
1858 1.02621
1859 1.02755
1860 1.0289
1861 1.03024
1862 1.03158
1863 1.03293
1864 1.03427
1865 1.03561
1866 1.03695
1867 1.0383
1868 1.03964
1869 1.04098
1870 1.04232
1871 1.04366
1872 1.045
1873 1.04634
1874 1.04768
1875 1.04902
1876 1.05036
1877 1.0517
1878 1.05304
1879 1.05438
1880 1.05572
1881 1.05706
1882 1.0584
1883 1.05974
1884 1.06108
1885 1.06241
1886 1.06375
1887 1.06509
1888 1.06643
1889 1.06776
1890 1.0691
1891 1.07044
1892 1.07177
1893 1.07311
1894 1.07444
1895 1.07578
1896 1.07711
1897 1.07845
1898 1.07978
1899 1.08112
1900 1.08245
1901 1.08379
1902 1.08512
1903 1.08646
1904 1.08779
1905 1.08912
1906 1.09045
1907 1.09179
1908 1.09312
1909 1.09445
1910 1.09578
1911 1.09712
1912 1.09845
1913 1.09978
1914 1.10111
1915 1.10244
1916 1.10377
1917 1.1051
1918 1.10643
1919 1.10776
1920 1.10909
1921 1.11042
1922 1.11175
1923 1.11308
1924 1.11441
1925 1.11574
1926 1.11706
1927 1.11839
1928 1.11972
1929 1.12105
1930 1.12238
1931 1.1237
1932 1.12503
1933 1.12636
1934 1.12768
1935 1.12901
1936 1.13034
1937 1.13166
1938 1.13299
1939 1.13431
1940 1.13564
1941 1.13696
1942 1.13829
1943 1.13961
1944 1.14093
1945 1.14226
1946 1.14358
1947 1.14491
1948 1.14623
1949 1.14755
1950 1.14887
1951 1.1502
1952 1.15152
1953 1.15284
1954 1.15416
1955 1.15549
1956 1.15681
1957 1.15813
1958 1.15945
1959 1.16077
1960 1.16209
1961 1.16341
1962 1.16473
1963 1.16605
1964 1.16737
1965 1.16869
1966 1.17001
1967 1.17133
1968 1.17265
1969 1.17396
1970 1.17528
1971 1.1766
1972 1.17792
1973 1.17924
1974 1.18055
1975 1.18187
1976 1.18319
1977 1.1845
1978 1.18582
1979 1.18714
1980 1.18845
1981 1.18977
1982 1.19108
1983 1.1924
1984 1.19371
1985 1.19503
1986 1.19634
1987 1.19766
1988 1.19897
1989 1.20028
1990 1.2016
1991 1.20291
1992 1.20422
1993 1.20554
1994 1.20685
1995 1.20816
1996 1.20948
1997 1.21079
1998 1.2121
1999 1.21341
2000 1.21472
2001 1.21603
2002 1.21734
2003 1.21866
2004 1.21997
2005 1.22128
2006 1.22259
2007 1.2239
2008 1.22521
2009 1.22651
2010 1.22782
2011 1.22913
2012 1.23044
2013 1.23175
2014 1.23306
2015 1.23437
2016 1.23567
2017 1.23698
2018 1.23829
2019 1.2396
2020 1.2409
2021 1.24221
2022 1.24352
2023 1.24482
2024 1.24613
2025 1.24743
2026 1.24874
2027 1.25004
2028 1.25135
2029 1.25265
2030 1.25396
2031 1.25526
2032 1.25657
2033 1.25787
2034 1.25918
2035 1.26048
2036 1.26178
2037 1.26309
2038 1.26439
2039 1.26569
2040 1.26699
2041 1.2683
2042 1.2696
2043 1.2709
2044 1.2722
2045 1.2735
2046 1.2748
2047 1.2761
2048 1.2774
2049 1.27871
2050 1.28001
2051 1.28131
2052 1.28261
2053 1.2839
2054 1.2852
2055 1.2865
2056 1.2878
2057 1.2891
2058 1.2904
2059 1.2917
2060 1.293
2061 1.29429
2062 1.29559
2063 1.29689
2064 1.29818
2065 1.29948
2066 1.30078
2067 1.30207
2068 1.30337
2069 1.30467
2070 1.30596
2071 1.30726
2072 1.30855
2073 1.30985
2074 1.31114
2075 1.31244
2076 1.31373
2077 1.31503
2078 1.31632
2079 1.31761
2080 1.31891
2081 1.3202
2082 1.32149
2083 1.32279
2084 1.32408
2085 1.32537
2086 1.32667
2087 1.32796
2088 1.32925
2089 1.33054
2090 1.33183
2091 1.33312
2092 1.33441
2093 1.3357
2094 1.337
2095 1.33829
2096 1.33958
2097 1.34087
2098 1.34216
2099 1.34344
2100 1.34473
2101 1.34602
2102 1.34731
2103 1.3486
2104 1.34989
2105 1.35118
2106 1.35246
2107 1.35375
2108 1.35504
2109 1.35633
2110 1.35761
2111 1.3589
2112 1.36019
2113 1.36147
2114 1.36276
2115 1.36405
2116 1.36533
2117 1.36662
2118 1.3679
2119 1.36919
2120 1.37047
2121 1.37176
2122 1.37304
2123 1.37433
2124 1.37561
2125 1.37689
2126 1.37818
2127 1.37946
2128 1.38074
2129 1.38203
2130 1.38331
2131 1.38459
2132 1.38587
2133 1.38716
2134 1.38844
2135 1.38972
2136 1.391
2137 1.39228
2138 1.39356
2139 1.39484
2140 1.39612
2141 1.3974
2142 1.39868
2143 1.39996
2144 1.40124
2145 1.40252
2146 1.4038
2147 1.40508
2148 1.40636
2149 1.40764
2150 1.40892
2151 1.41019
2152 1.41147
2153 1.41275
2154 1.41403
2155 1.41531
2156 1.41658
2157 1.41786
2158 1.41914
2159 1.42041
2160 1.42169
2161 1.42296
2162 1.42424
2163 1.42552
2164 1.42679
2165 1.42807
2166 1.42934
2167 1.43062
2168 1.43189
2169 1.43317
2170 1.43444
2171 1.43571
2172 1.43699
2173 1.43826
2174 1.43953
2175 1.44081
2176 1.44208
2177 1.44335
2178 1.44462
2179 1.4459
2180 1.44717
2181 1.44844
2182 1.44971
2183 1.45098
2184 1.45225
2185 1.45353
2186 1.4548
2187 1.45607
2188 1.45734
2189 1.45861
2190 1.45988
2191 1.46115
2192 1.46242
2193 1.46368
2194 1.46495
2195 1.46622
2196 1.46749
2197 1.46876
2198 1.47003
2199 1.4713
2200 1.47256
2201 1.47383
2202 1.4751
2203 1.47637
2204 1.47763
2205 1.4789
2206 1.48017
2207 1.48143
2208 1.4827
2209 1.48396
2210 1.48523
2211 1.48649
2212 1.48776
2213 1.48902
2214 1.49029
2215 1.49155
2216 1.49282
2217 1.49408
2218 1.49535
2219 1.49661
2220 1.49787
2221 1.49914
2222 1.5004
2223 1.50166
2224 1.50293
2225 1.50419
2226 1.50545
2227 1.50671
2228 1.50797
2229 1.50924
2230 1.5105
2231 1.51176
2232 1.51302
2233 1.51428
2234 1.51554
2235 1.5168
2236 1.51806
2237 1.51932
2238 1.52058
2239 1.52184
2240 1.5231
2241 1.52436
2242 1.52562
2243 1.52688
2244 1.52814
2245 1.52939
2246 1.53065
2247 1.53191
2248 1.53317
2249 1.53443
2250 1.53568
2251 1.53694
2252 1.5382
2253 1.53945
2254 1.54071
2255 1.54197
2256 1.54322
2257 1.54448
2258 1.54573
2259 1.54699
2260 1.54824
2261 1.5495
2262 1.55075
2263 1.55201
2264 1.55326
2265 1.55452
2266 1.55577
2267 1.55702
2268 1.55828
2269 1.55953
2270 1.56078
2271 1.56204
2272 1.56329
2273 1.56454
2274 1.5658
2275 1.56705
2276 1.5683
2277 1.56955
2278 1.5708
2279 1.57205
2280 1.5733
2281 1.57456
2282 1.57581
2283 1.57706
2284 1.57831
2285 1.57956
2286 1.58081
2287 1.58206
2288 1.58331
2289 1.58456
2290 1.5858
2291 1.58705
2292 1.5883
2293 1.58955
2294 1.5908
2295 1.59205
2296 1.59329
2297 1.59454
2298 1.59579
2299 1.59704
2300 1.59828
2301 1.59953
2302 1.60078
2303 1.60202
2304 1.60327
2305 1.60452
2306 1.60576
2307 1.60701
2308 1.60825
2309 1.6095
2310 1.61074
2311 1.61199
2312 1.61323
2313 1.61448
2314 1.61572
2315 1.61696
2316 1.61821
2317 1.61945
2318 1.62069
2319 1.62194
2320 1.62318
2321 1.62442
2322 1.62567
2323 1.62691
2324 1.62815
2325 1.62939
2326 1.63063
2327 1.63188
2328 1.63312
2329 1.63436
2330 1.6356
2331 1.63684
2332 1.63808
2333 1.63932
2334 1.64056
2335 1.6418
2336 1.64304
2337 1.64428
2338 1.64552
2339 1.64676
2340 1.648
2341 1.64923
2342 1.65047
2343 1.65171
2344 1.65295
2345 1.65419
2346 1.65543
2347 1.65666
2348 1.6579
2349 1.65914
2350 1.66037
2351 1.66161
2352 1.66285
2353 1.66408
2354 1.66532
2355 1.66656
2356 1.66779
2357 1.66903
2358 1.67026
2359 1.6715
2360 1.67273
2361 1.67397
2362 1.6752
2363 1.67643
2364 1.67767
2365 1.6789
2366 1.68014
2367 1.68137
2368 1.6826
2369 1.68384
2370 1.68507
2371 1.6863
2372 1.68753
2373 1.68877
2374 1.69
2375 1.69123
2376 1.69246
2377 1.69369
2378 1.69492
2379 1.69616
2380 1.69739
2381 1.69862
2382 1.69985
2383 1.70108
2384 1.70231
2385 1.70354
2386 1.70477
2387 1.706
2388 1.70723
2389 1.70846
2390 1.70968
2391 1.71091
2392 1.71214
2393 1.71337
2394 1.7146
2395 1.71583
2396 1.71705
2397 1.71828
2398 1.71951
2399 1.72074
2400 1.72196
2401 1.72319
2402 1.72442
2403 1.72564
2404 1.72687
2405 1.72809
2406 1.72932
2407 1.73055
2408 1.73177
2409 1.733
2410 1.73422
2411 1.73545
2412 1.73667
2413 1.73789
2414 1.73912
2415 1.74034
2416 1.74157
2417 1.74279
2418 1.74401
2419 1.74524
2420 1.74646
2421 1.74768
2422 1.7489
2423 1.75013
2424 1.75135
2425 1.75257
2426 1.75379
2427 1.75501
2428 1.75624
2429 1.75746
2430 1.75868
2431 1.7599
2432 1.76112
2433 1.76234
2434 1.76356
2435 1.76478
2436 1.766
2437 1.76722
2438 1.76844
2439 1.76966
2440 1.77088
2441 1.7721
2442 1.77331
2443 1.77453
2444 1.77575
2445 1.77697
2446 1.77819
2447 1.77941
2448 1.78062
2449 1.78184
2450 1.78306
2451 1.78427
2452 1.78549
2453 1.78671
2454 1.78792
2455 1.78914
2456 1.79036
2457 1.79157
2458 1.79279
2459 1.794
2460 1.79522
2461 1.79643
2462 1.79765
2463 1.79886
2464 1.80008
2465 1.80129
2466 1.8025
2467 1.80372
2468 1.80493
2469 1.80615
2470 1.80736
2471 1.80857
2472 1.80978
2473 1.811
2474 1.81221
2475 1.81342
2476 1.81463
2477 1.81585
2478 1.81706
2479 1.81827
2480 1.81948
2481 1.82069
2482 1.8219
2483 1.82311
2484 1.82432
2485 1.82553
2486 1.82674
2487 1.82795
2488 1.82916
2489 1.83037
2490 1.83158
2491 1.83279
2492 1.834
2493 1.83521
2494 1.83642
2495 1.83763
2496 1.83883
2497 1.84004
2498 1.84125
2499 1.84246
2500 1.84367
2501 1.84487
2502 1.84608
2503 1.84729
2504 1.84849
2505 1.8497
2506 1.85091
2507 1.85211
2508 1.85332
2509 1.85452
2510 1.85573
2511 1.85693
2512 1.85814
2513 1.85934
2514 1.86055
2515 1.86175
2516 1.86296
2517 1.86416
2518 1.86537
2519 1.86657
2520 1.86777
2521 1.86898
2522 1.87018
2523 1.87138
2524 1.87259
2525 1.87379
2526 1.87499
2527 1.87619
2528 1.8774
2529 1.8786
2530 1.8798
2531 1.881
2532 1.8822
2533 1.8834
2534 1.88461
2535 1.88581
2536 1.88701
2537 1.88821
2538 1.88941
2539 1.89061
2540 1.89181
2541 1.89301
2542 1.89421
2543 1.89541
2544 1.8966
2545 1.8978
2546 1.899
2547 1.9002
2548 1.9014
2549 1.9026
2550 1.9038
2551 1.90499
2552 1.90619
2553 1.90739
2554 1.90859
2555 1.90978
2556 1.91098
2557 1.91218
2558 1.91337
2559 1.91457
2560 1.91576
2561 1.91696
2562 1.91816
2563 1.91935
2564 1.92055
2565 1.92174
2566 1.92294
2567 1.92413
2568 1.92533
2569 1.92652
2570 1.92772
2571 1.92891
2572 1.9301
2573 1.9313
2574 1.93249
2575 1.93368
2576 1.93488
2577 1.93607
2578 1.93726
2579 1.93845
2580 1.93965
2581 1.94084
2582 1.94203
2583 1.94322
2584 1.94441
2585 1.94561
2586 1.9468
2587 1.94799
2588 1.94918
2589 1.95037
2590 1.95156
2591 1.95275
2592 1.95394
2593 1.95513
2594 1.95632
2595 1.95751
2596 1.9587
2597 1.95989
2598 1.96108
2599 1.96227
2600 1.96345
2601 1.96464
2602 1.96583
2603 1.96702
2604 1.96821
2605 1.96939
2606 1.97058
2607 1.97177
2608 1.97296
2609 1.97414
2610 1.97533
2611 1.97652
2612 1.9777
2613 1.97889
2614 1.98008
2615 1.98126
2616 1.98245
2617 1.98363
2618 1.98482
2619 1.986
2620 1.98719
2621 1.98837
2622 1.98956
2623 1.99074
2624 1.99193
2625 1.99311
2626 1.99429
2627 1.99548
2628 1.99666
2629 1.99784
2630 1.99903
2631 2.00021
2632 2.00139
2633 2.00258
2634 2.00376
2635 2.00494
2636 2.00612
2637 2.0073
2638 2.00849
2639 2.00967
2640 2.01085
2641 2.01203
2642 2.01321
2643 2.01439
2644 2.01557
2645 2.01675
2646 2.01793
2647 2.01911
2648 2.02029
2649 2.02147
2650 2.02265
2651 2.02383
2652 2.02501
2653 2.02619
2654 2.02737
2655 2.02854
2656 2.02972
2657 2.0309
2658 2.03208
2659 2.03326
2660 2.03443
2661 2.03561
2662 2.03679
2663 2.03797
2664 2.03914
2665 2.04032
2666 2.0415
2667 2.04267
2668 2.04385
2669 2.04502
2670 2.0462
2671 2.04738
2672 2.04855
2673 2.04973
2674 2.0509
2675 2.05208
2676 2.05325
2677 2.05443
2678 2.0556
2679 2.05677
2680 2.05795
2681 2.05912
2682 2.0603
2683 2.06147
2684 2.06264
2685 2.06382
2686 2.06499
2687 2.06616
2688 2.06733
2689 2.06851
2690 2.06968
2691 2.07085
2692 2.07202
2693 2.07319
2694 2.07436
2695 2.07554
2696 2.07671
2697 2.07788
2698 2.07905
2699 2.08022
2700 2.08139
2701 2.08256
2702 2.08373
2703 2.0849
2704 2.08607
2705 2.08724
2706 2.08841
2707 2.08958
2708 2.09075
2709 2.09191
2710 2.09308
2711 2.09425
2712 2.09542
2713 2.09659
2714 2.09776
2715 2.09892
2716 2.10009
2717 2.10126
2718 2.10243
2719 2.10359
2720 2.10476
2721 2.10593
2722 2.10709
2723 2.10826
2724 2.10942
2725 2.11059
2726 2.11176
2727 2.11292
2728 2.11409
2729 2.11525
2730 2.11642
2731 2.11758
2732 2.11875
2733 2.11991
2734 2.12107
2735 2.12224
2736 2.1234
2737 2.12457
2738 2.12573
2739 2.12689
2740 2.12806
2741 2.12922
2742 2.13038
2743 2.13155
2744 2.13271
2745 2.13387
2746 2.13503
2747 2.13619
2748 2.13736
2749 2.13852
2750 2.13968
2751 2.14084
2752 2.142
2753 2.14316
2754 2.14432
2755 2.14548
2756 2.14664
2757 2.1478
2758 2.14896
2759 2.15012
2760 2.15128
2761 2.15244
2762 2.1536
2763 2.15476
2764 2.15592
2765 2.15708
2766 2.15824
2767 2.1594
2768 2.16055
2769 2.16171
2770 2.16287
2771 2.16403
2772 2.16519
2773 2.16634
2774 2.1675
2775 2.16866
2776 2.16981
2777 2.17097
2778 2.17213
2779 2.17328
2780 2.17444
2781 2.1756
2782 2.17675
2783 2.17791
2784 2.17906
2785 2.18022
2786 2.18137
2787 2.18253
2788 2.18368
2789 2.18484
2790 2.18599
2791 2.18715
2792 2.1883
2793 2.18945
2794 2.19061
2795 2.19176
2796 2.19291
2797 2.19407
2798 2.19522
2799 2.19637
2800 2.19753
2801 2.19868
2802 2.19983
2803 2.20098
2804 2.20213
2805 2.20329
2806 2.20444
2807 2.20559
2808 2.20674
2809 2.20789
2810 2.20904
2811 2.21019
2812 2.21134
2813 2.21249
2814 2.21364
2815 2.21479
2816 2.21594
2817 2.21709
2818 2.21824
2819 2.21939
2820 2.22054
2821 2.22169
2822 2.22284
2823 2.22399
2824 2.22514
2825 2.22629
2826 2.22743
2827 2.22858
2828 2.22973
2829 2.23088
2830 2.23202
2831 2.23317
2832 2.23432
2833 2.23547
2834 2.23661
2835 2.23776
2836 2.23891
2837 2.24005
2838 2.2412
2839 2.24234
2840 2.24349
2841 2.24464
2842 2.24578
2843 2.24693
2844 2.24807
2845 2.24922
2846 2.25036
2847 2.2515
2848 2.25265
2849 2.25379
2850 2.25494
2851 2.25608
2852 2.25722
2853 2.25837
2854 2.25951
2855 2.26065
2856 2.2618
2857 2.26294
2858 2.26408
2859 2.26523
2860 2.26637
2861 2.26751
2862 2.26865
2863 2.26979
2864 2.27094
2865 2.27208
2866 2.27322
2867 2.27436
2868 2.2755
2869 2.27664
2870 2.27778
2871 2.27892
2872 2.28006
2873 2.2812
2874 2.28234
2875 2.28348
2876 2.28462
2877 2.28576
2878 2.2869
2879 2.28804
2880 2.28918
2881 2.29032
2882 2.29145
2883 2.29259
2884 2.29373
2885 2.29487
2886 2.29601
2887 2.29714
2888 2.29828
2889 2.29942
2890 2.30056
2891 2.30169
2892 2.30283
2893 2.30397
2894 2.3051
2895 2.30624
2896 2.30738
2897 2.30851
2898 2.30965
2899 2.31078
2900 2.31192
2901 2.31305
2902 2.31419
2903 2.31532
2904 2.31646
2905 2.31759
2906 2.31873
2907 2.31986
2908 2.321
2909 2.32213
2910 2.32326
2911 2.3244
2912 2.32553
2913 2.32666
2914 2.3278
2915 2.32893
2916 2.33006
2917 2.3312
2918 2.33233
2919 2.33346
2920 2.33459
2921 2.33572
2922 2.33686
2923 2.33799
2924 2.33912
2925 2.34025
2926 2.34138
2927 2.34251
2928 2.34364
2929 2.34477
2930 2.3459
2931 2.34703
2932 2.34816
2933 2.34929
2934 2.35042
2935 2.35155
2936 2.35268
2937 2.35381
2938 2.35494
2939 2.35607
2940 2.3572
2941 2.35833
2942 2.35946
2943 2.36058
2944 2.36171
2945 2.36284
2946 2.36397
2947 2.3651
2948 2.36622
2949 2.36735
2950 2.36848
2951 2.3696
2952 2.37073
2953 2.37186
2954 2.37298
2955 2.37411
2956 2.37524
2957 2.37636
2958 2.37749
2959 2.37861
2960 2.37974
2961 2.38086
2962 2.38199
2963 2.38311
2964 2.38424
2965 2.38536
2966 2.38649
2967 2.38761
2968 2.38874
2969 2.38986
2970 2.39098
2971 2.39211
2972 2.39323
2973 2.39435
2974 2.39548
2975 2.3966
2976 2.39772
2977 2.39885
2978 2.39997
2979 2.40109
2980 2.40221
2981 2.40333
2982 2.40446
2983 2.40558
2984 2.4067
2985 2.40782
2986 2.40894
2987 2.41006
2988 2.41118
2989 2.4123
2990 2.41342
2991 2.41454
2992 2.41566
2993 2.41678
2994 2.4179
2995 2.41902
2996 2.42014
2997 2.42126
2998 2.42238
2999 2.4235
3000 2.42462
3001 2.42574
3002 2.42686
3003 2.42797
3004 2.42909
3005 2.43021
3006 2.43133
3007 2.43245
3008 2.43356
3009 2.43468
3010 2.4358
3011 2.43692
3012 2.43803
3013 2.43915
3014 2.44027
3015 2.44138
3016 2.4425
3017 2.44361
3018 2.44473
3019 2.44585
3020 2.44696
3021 2.44808
3022 2.44919
3023 2.45031
3024 2.45142
3025 2.45254
3026 2.45365
3027 2.45476
3028 2.45588
3029 2.45699
3030 2.45811
3031 2.45922
3032 2.46033
3033 2.46145
3034 2.46256
3035 2.46367
3036 2.46479
3037 2.4659
3038 2.46701
3039 2.46812
3040 2.46924
3041 2.47035
3042 2.47146
3043 2.47257
3044 2.47368
3045 2.4748
3046 2.47591
3047 2.47702
3048 2.47813
3049 2.47924
3050 2.48035
3051 2.48146
3052 2.48257
3053 2.48368
3054 2.48479
3055 2.4859
3056 2.48701
3057 2.48812
3058 2.48923
3059 2.49034
3060 2.49145
3061 2.49256
3062 2.49367
3063 2.49477
3064 2.49588
3065 2.49699
3066 2.4981
3067 2.49921
3068 2.50031
3069 2.50142
3070 2.50253
3071 2.50364
3072 2.50474
3073 2.50585
3074 2.50696
3075 2.50806
3076 2.50917
3077 2.51028
3078 2.51138
3079 2.51249
3080 2.51359
3081 2.5147
3082 2.51581
3083 2.51691
3084 2.51802
3085 2.51912
3086 2.52023
3087 2.52133
3088 2.52243
3089 2.52354
3090 2.52464
3091 2.52575
3092 2.52685
3093 2.52796
3094 2.52906
3095 2.53016
3096 2.53127
3097 2.53237
3098 2.53347
3099 2.53457
3100 2.53568
3101 2.53678
3102 2.53788
3103 2.53898
3104 2.54009
3105 2.54119
3106 2.54229
3107 2.54339
3108 2.54449
3109 2.54559
3110 2.54669
3111 2.54779
3112 2.5489
3113 2.55
3114 2.5511
3115 2.5522
3116 2.5533
3117 2.5544
3118 2.5555
3119 2.5566
3120 2.5577
3121 2.55879
3122 2.55989
3123 2.56099
3124 2.56209
3125 2.56319
3126 2.56429
3127 2.56539
3128 2.56648
3129 2.56758
3130 2.56868
3131 2.56978
3132 2.57088
3133 2.57197
3134 2.57307
3135 2.57417
3136 2.57526
3137 2.57636
3138 2.57746
3139 2.57855
3140 2.57965
3141 2.58075
3142 2.58184
3143 2.58294
3144 2.58403
3145 2.58513
3146 2.58622
3147 2.58732
3148 2.58841
3149 2.58951
3150 2.5906
3151 2.5917
3152 2.59279
3153 2.59389
3154 2.59498
3155 2.59608
3156 2.59717
3157 2.59826
3158 2.59936
3159 2.60045
3160 2.60154
3161 2.60264
3162 2.60373
3163 2.60482
3164 2.60591
3165 2.60701
3166 2.6081
3167 2.60919
3168 2.61028
3169 2.61137
3170 2.61246
3171 2.61356
3172 2.61465
3173 2.61574
3174 2.61683
3175 2.61792
3176 2.61901
3177 2.6201
3178 2.62119
3179 2.62228
3180 2.62337
3181 2.62446
3182 2.62555
3183 2.62664
3184 2.62773
3185 2.62882
3186 2.62991
3187 2.631
3188 2.63209
3189 2.63317
3190 2.63426
3191 2.63535
3192 2.63644
3193 2.63753
3194 2.63861
3195 2.6397
3196 2.64079
3197 2.64188
3198 2.64296
3199 2.64405
3200 2.64514
3201 2.64622
3202 2.64731
3203 2.6484
3204 2.64948
3205 2.65057
3206 2.65166
3207 2.65274
3208 2.65383
3209 2.65491
3210 2.656
3211 2.65708
3212 2.65817
3213 2.65925
3214 2.66034
3215 2.66142
3216 2.66251
3217 2.66359
3218 2.66468
3219 2.66576
3220 2.66684
3221 2.66793
3222 2.66901
3223 2.67009
3224 2.67118
3225 2.67226
3226 2.67334
3227 2.67443
3228 2.67551
3229 2.67659
3230 2.67767
3231 2.67875
3232 2.67984
3233 2.68092
3234 2.682
3235 2.68308
3236 2.68416
3237 2.68524
3238 2.68632
3239 2.68741
3240 2.68849
3241 2.68957
3242 2.69065
3243 2.69173
3244 2.69281
3245 2.69389
3246 2.69497
3247 2.69605
3248 2.69713
3249 2.69821
3250 2.69928
3251 2.70036
3252 2.70144
3253 2.70252
3254 2.7036
3255 2.70468
3256 2.70576
3257 2.70683
3258 2.70791
3259 2.70899
3260 2.71007
3261 2.71115
3262 2.71222
3263 2.7133
3264 2.71438
3265 2.71545
3266 2.71653
3267 2.71761
3268 2.71868
3269 2.71976
3270 2.72084
3271 2.72191
3272 2.72299
3273 2.72406
3274 2.72514
3275 2.72621
3276 2.72729
3277 2.72836
3278 2.72944
3279 2.73051
3280 2.73159
3281 2.73266
3282 2.73374
3283 2.73481
3284 2.73589
3285 2.73696
3286 2.73803
3287 2.73911
3288 2.74018
3289 2.74125
3290 2.74233
3291 2.7434
3292 2.74447
3293 2.74555
3294 2.74662
3295 2.74769
3296 2.74876
3297 2.74983
3298 2.75091
3299 2.75198
3300 2.75305
3301 2.75412
3302 2.75519
3303 2.75626
3304 2.75733
3305 2.7584
3306 2.75948
3307 2.76055
3308 2.76162
3309 2.76269
3310 2.76376
3311 2.76483
3312 2.7659
3313 2.76697
3314 2.76804
3315 2.7691
3316 2.77017
3317 2.77124
3318 2.77231
3319 2.77338
3320 2.77445
3321 2.77552
3322 2.77659
3323 2.77765
3324 2.77872
3325 2.77979
3326 2.78086
3327 2.78193
3328 2.78299
3329 2.78406
3330 2.78513
3331 2.78619
3332 2.78726
3333 2.78833
3334 2.78939
3335 2.79046
3336 2.79153
3337 2.79259
3338 2.79366
3339 2.79472
3340 2.79579
3341 2.79685
3342 2.79792
3343 2.79899
3344 2.80005
3345 2.80112
3346 2.80218
3347 2.80324
3348 2.80431
3349 2.80537
3350 2.80644
3351 2.8075
3352 2.80856
3353 2.80963
3354 2.81069
3355 2.81176
3356 2.81282
3357 2.81388
3358 2.81494
3359 2.81601
3360 2.81707
3361 2.81813
3362 2.81919
3363 2.82026
3364 2.82132
3365 2.82238
3366 2.82344
3367 2.8245
3368 2.82557
3369 2.82663
3370 2.82769
3371 2.82875
3372 2.82981
3373 2.83087
3374 2.83193
3375 2.83299
3376 2.83405
3377 2.83511
3378 2.83617
3379 2.83723
3380 2.83829
3381 2.83935
3382 2.84041
3383 2.84147
3384 2.84253
3385 2.84359
3386 2.84465
3387 2.8457
3388 2.84676
3389 2.84782
3390 2.84888
3391 2.84994
3392 2.851
3393 2.85205
3394 2.85311
3395 2.85417
3396 2.85523
3397 2.85628
3398 2.85734
3399 2.8584
3400 2.85945
3401 2.86051
3402 2.86157
3403 2.86262
3404 2.86368
3405 2.86473
3406 2.86579
3407 2.86685
3408 2.8679
3409 2.86896
3410 2.87001
3411 2.87107
3412 2.87212
3413 2.87318
3414 2.87423
3415 2.87529
3416 2.87634
3417 2.87739
3418 2.87845
3419 2.8795
3420 2.88056
3421 2.88161
3422 2.88266
3423 2.88372
3424 2.88477
3425 2.88582
3426 2.88688
3427 2.88793
3428 2.88898
3429 2.89003
3430 2.89109
3431 2.89214
3432 2.89319
3433 2.89424
3434 2.89529
3435 2.89635
3436 2.8974
3437 2.89845
3438 2.8995
3439 2.90055
3440 2.9016
3441 2.90265
3442 2.9037
3443 2.90475
3444 2.9058
3445 2.90685
3446 2.9079
3447 2.90895
3448 2.91
3449 2.91105
3450 2.9121
3451 2.91315
3452 2.9142
3453 2.91525
3454 2.9163
3455 2.91735
3456 2.9184
3457 2.91944
3458 2.92049
3459 2.92154
3460 2.92259
3461 2.92364
3462 2.92468
3463 2.92573
3464 2.92678
3465 2.92783
3466 2.92887
3467 2.92992
3468 2.93097
3469 2.93201
3470 2.93306
3471 2.93411
3472 2.93515
3473 2.9362
3474 2.93725
3475 2.93829
3476 2.93934
3477 2.94038
3478 2.94143
3479 2.94247
3480 2.94352
3481 2.94456
3482 2.94561
3483 2.94665
3484 2.9477
3485 2.94874
3486 2.94979
3487 2.95083
3488 2.95187
3489 2.95292
3490 2.95396
3491 2.95501
3492 2.95605
3493 2.95709
3494 2.95814
3495 2.95918
3496 2.96022
3497 2.96126
3498 2.96231
3499 2.96335
3500 2.96439
3501 2.96543
3502 2.96648
3503 2.96752
3504 2.96856
3505 2.9696
3506 2.97064
3507 2.97168
3508 2.97272
3509 2.97377
3510 2.97481
3511 2.97585
3512 2.97689
3513 2.97793
3514 2.97897
3515 2.98001
3516 2.98105
3517 2.98209
3518 2.98313
3519 2.98417
3520 2.98521
3521 2.98625
3522 2.98728
3523 2.98832
3524 2.98936
3525 2.9904
3526 2.99144
3527 2.99248
3528 2.99352
3529 2.99455
3530 2.99559
3531 2.99663
3532 2.99767
3533 2.99871
3534 2.99974
3535 3.00078
3536 3.00182
3537 3.00285
3538 3.00389
3539 3.00493
3540 3.00597
3541 3.007
3542 3.00804
3543 3.00907
3544 3.01011
3545 3.01115
3546 3.01218
3547 3.01322
3548 3.01425
3549 3.01529
3550 3.01632
3551 3.01736
3552 3.01839
3553 3.01943
3554 3.02046
3555 3.0215
3556 3.02253
3557 3.02357
3558 3.0246
3559 3.02563
3560 3.02667
3561 3.0277
3562 3.02873
3563 3.02977
3564 3.0308
3565 3.03183
3566 3.03287
3567 3.0339
3568 3.03493
3569 3.03596
3570 3.037
3571 3.03803
3572 3.03906
3573 3.04009
3574 3.04113
3575 3.04216
3576 3.04319
3577 3.04422
3578 3.04525
3579 3.04628
3580 3.04731
3581 3.04834
3582 3.04937
3583 3.05041
3584 3.05144
3585 3.05247
3586 3.0535
3587 3.05453
3588 3.05556
3589 3.05659
3590 3.05762
3591 3.05864
3592 3.05967
3593 3.0607
3594 3.06173
3595 3.06276
3596 3.06379
3597 3.06482
3598 3.06585
3599 3.06688
3600 3.0679
3601 3.06893
3602 3.06996
3603 3.07099
3604 3.07201
3605 3.07304
3606 3.07407
3607 3.0751
3608 3.07612
3609 3.07715
3610 3.07818
3611 3.0792
3612 3.08023
3613 3.08126
3614 3.08228
3615 3.08331
3616 3.08434
3617 3.08536
3618 3.08639
3619 3.08741
3620 3.08844
3621 3.08946
3622 3.09049
3623 3.09151
3624 3.09254
3625 3.09356
3626 3.09459
3627 3.09561
3628 3.09664
3629 3.09766
3630 3.09868
3631 3.09971
3632 3.10073
3633 3.10176
3634 3.10278
3635 3.1038
3636 3.10483
3637 3.10585
3638 3.10687
3639 3.10789
3640 3.10892
3641 3.10994
3642 3.11096
3643 3.11198
3644 3.11301
3645 3.11403
3646 3.11505
3647 3.11607
3648 3.11709
3649 3.11812
3650 3.11914
3651 3.12016
3652 3.12118
3653 3.1222
3654 3.12322
3655 3.12424
3656 3.12526
3657 3.12628
3658 3.1273
3659 3.12832
3660 3.12934
3661 3.13036
3662 3.13138
3663 3.1324
3664 3.13342
3665 3.13444
3666 3.13546
3667 3.13648
3668 3.1375
3669 3.13852
3670 3.13953
3671 3.14055
3672 3.14157
3673 3.14259
3674 3.14361
3675 3.14462
3676 3.14564
3677 3.14666
3678 3.14768
3679 3.1487
3680 3.14971
3681 3.15073
3682 3.15175
3683 3.15276
3684 3.15378
3685 3.1548
3686 3.15581
3687 3.15683
3688 3.15785
3689 3.15886
3690 3.15988
3691 3.16089
3692 3.16191
3693 3.16292
3694 3.16394
3695 3.16495
3696 3.16597
3697 3.16698
3698 3.168
3699 3.16901
3700 3.17003
3701 3.17104
3702 3.17206
3703 3.17307
3704 3.17408
3705 3.1751
3706 3.17611
3707 3.17713
3708 3.17814
3709 3.17915
3710 3.18017
3711 3.18118
3712 3.18219
3713 3.1832
3714 3.18422
3715 3.18523
3716 3.18624
3717 3.18725
3718 3.18827
3719 3.18928
3720 3.19029
3721 3.1913
3722 3.19231
3723 3.19332
3724 3.19434
3725 3.19535
3726 3.19636
3727 3.19737
3728 3.19838
3729 3.19939
3730 3.2004
3731 3.20141
3732 3.20242
3733 3.20343
3734 3.20444
3735 3.20545
3736 3.20646
3737 3.20747
3738 3.20848
3739 3.20949
3740 3.2105
3741 3.21151
3742 3.21252
3743 3.21352
3744 3.21453
3745 3.21554
3746 3.21655
3747 3.21756
3748 3.21857
3749 3.21957
3750 3.22058
3751 3.22159
3752 3.2226
3753 3.2236
3754 3.22461
3755 3.22562
3756 3.22663
3757 3.22763
3758 3.22864
3759 3.22965
3760 3.23065
3761 3.23166
3762 3.23266
3763 3.23367
3764 3.23468
3765 3.23568
3766 3.23669
3767 3.23769
3768 3.2387
3769 3.2397
3770 3.24071
3771 3.24171
3772 3.24272
3773 3.24372
3774 3.24473
3775 3.24573
3776 3.24674
3777 3.24774
3778 3.24875
3779 3.24975
3780 3.25075
3781 3.25176
3782 3.25276
3783 3.25376
3784 3.25477
3785 3.25577
3786 3.25677
3787 3.25778
3788 3.25878
3789 3.25978
3790 3.26078
3791 3.26179
3792 3.26279
3793 3.26379
3794 3.26479
3795 3.26579
3796 3.2668
3797 3.2678
3798 3.2688
3799 3.2698
3800 3.2708
3801 3.2718
3802 3.2728
3803 3.2738
3804 3.2748
3805 3.27581
3806 3.27681
3807 3.27781
3808 3.27881
3809 3.27981
3810 3.28081
3811 3.28181
3812 3.28281
3813 3.2838
3814 3.2848
3815 3.2858
3816 3.2868
3817 3.2878
3818 3.2888
3819 3.2898
3820 3.2908
3821 3.2918
3822 3.29279
3823 3.29379
3824 3.29479
3825 3.29579
3826 3.29679
3827 3.29778
3828 3.29878
3829 3.29978
3830 3.30078
3831 3.30177
3832 3.30277
3833 3.30377
3834 3.30476
3835 3.30576
3836 3.30676
3837 3.30775
3838 3.30875
3839 3.30974
3840 3.31074
3841 3.31174
3842 3.31273
3843 3.31373
3844 3.31472
3845 3.31572
3846 3.31671
3847 3.31771
3848 3.3187
3849 3.3197
3850 3.32069
3851 3.32169
3852 3.32268
3853 3.32368
3854 3.32467
3855 3.32566
3856 3.32666
3857 3.32765
3858 3.32865
3859 3.32964
3860 3.33063
3861 3.33163
3862 3.33262
3863 3.33361
3864 3.3346
3865 3.3356
3866 3.33659
3867 3.33758
3868 3.33857
3869 3.33957
3870 3.34056
3871 3.34155
3872 3.34254
3873 3.34353
3874 3.34453
3875 3.34552
3876 3.34651
3877 3.3475
3878 3.34849
3879 3.34948
3880 3.35047
3881 3.35146
3882 3.35245
3883 3.35344
3884 3.35443
3885 3.35542
3886 3.35641
3887 3.3574
3888 3.35839
3889 3.35938
3890 3.36037
3891 3.36136
3892 3.36235
3893 3.36334
3894 3.36433
3895 3.36532
3896 3.36631
3897 3.36729
3898 3.36828
3899 3.36927
3900 3.37026
3901 3.37125
3902 3.37224
3903 3.37322
3904 3.37421
3905 3.3752
3906 3.37619
3907 3.37717
3908 3.37816
3909 3.37915
3910 3.38013
3911 3.38112
3912 3.38211
3913 3.38309
3914 3.38408
3915 3.38507
3916 3.38605
3917 3.38704
3918 3.38802
3919 3.38901
3920 3.39
3921 3.39098
3922 3.39197
3923 3.39295
3924 3.39394
3925 3.39492
3926 3.39591
3927 3.39689
3928 3.39788
3929 3.39886
3930 3.39985
3931 3.40083
3932 3.40181
3933 3.4028
3934 3.40378
3935 3.40477
3936 3.40575
3937 3.40673
3938 3.40772
3939 3.4087
3940 3.40968
3941 3.41066
3942 3.41165
3943 3.41263
3944 3.41361
3945 3.4146
3946 3.41558
3947 3.41656
3948 3.41754
3949 3.41852
3950 3.41951
3951 3.42049
3952 3.42147
3953 3.42245
3954 3.42343
3955 3.42441
3956 3.42539
3957 3.42637
3958 3.42736
3959 3.42834
3960 3.42932
3961 3.4303
3962 3.43128
3963 3.43226
3964 3.43324
3965 3.43422
3966 3.4352
3967 3.43618
3968 3.43716
3969 3.43814
3970 3.43912
3971 3.44009
3972 3.44107
3973 3.44205
3974 3.44303
3975 3.44401
3976 3.44499
3977 3.44597
3978 3.44695
3979 3.44792
3980 3.4489
3981 3.44988
3982 3.45086
3983 3.45183
3984 3.45281
3985 3.45379
3986 3.45477
3987 3.45574
3988 3.45672
3989 3.4577
3990 3.45867
3991 3.45965
3992 3.46063
3993 3.4616
3994 3.46258
3995 3.46356
3996 3.46453
3997 3.46551
3998 3.46648
3999 3.46746
4000 3.46844
4001 3.46941
4002 3.47039
4003 3.47136
4004 3.47234
4005 3.47331
4006 3.47429
4007 3.47526
4008 3.47624
4009 3.47721
4010 3.47818
4011 3.47916
4012 3.48013
4013 3.48111
4014 3.48208
4015 3.48305
4016 3.48403
4017 3.485
4018 3.48597
4019 3.48695
4020 3.48792
4021 3.48889
4022 3.48987
4023 3.49084
4024 3.49181
4025 3.49278
4026 3.49376
4027 3.49473
4028 3.4957
4029 3.49667
4030 3.49764
4031 3.49862
4032 3.49959
4033 3.50056
4034 3.50153
4035 3.5025
4036 3.50347
4037 3.50444
4038 3.50541
4039 3.50638
4040 3.50735
4041 3.50832
4042 3.5093
4043 3.51027
4044 3.51124
4045 3.51221
4046 3.51318
4047 3.51414
4048 3.51511
4049 3.51608
4050 3.51705
4051 3.51802
4052 3.51899
4053 3.51996
4054 3.52093
4055 3.5219
4056 3.52287
4057 3.52384
4058 3.5248
4059 3.52577
4060 3.52674
4061 3.52771
4062 3.52868
4063 3.52964
4064 3.53061
4065 3.53158
4066 3.53255
4067 3.53351
4068 3.53448
4069 3.53545
4070 3.53641
4071 3.53738
4072 3.53835
4073 3.53931
4074 3.54028
4075 3.54125
4076 3.54221
4077 3.54318
4078 3.54414
4079 3.54511
4080 3.54608
4081 3.54704
4082 3.54801
4083 3.54897
4084 3.54994
4085 3.5509
4086 3.55187
4087 3.55283
4088 3.5538
4089 3.55476
4090 3.55573
4091 3.55669
4092 3.55765
4093 3.55862
4094 3.55958
4095 3.56055
4096 3.56151
4097 3.56247
4098 3.56344
4099 3.5644
4100 3.56536
4101 3.56633
4102 3.56729
4103 3.56825
4104 3.56921
4105 3.57018
4106 3.57114
4107 3.5721
4108 3.57306
4109 3.57403
4110 3.57499
4111 3.57595
4112 3.57691
4113 3.57787
4114 3.57883
4115 3.5798
4116 3.58076
4117 3.58172
4118 3.58268
4119 3.58364
4120 3.5846
4121 3.58556
4122 3.58652
4123 3.58748
4124 3.58844
4125 3.5894
4126 3.59036
4127 3.59132
4128 3.59228
4129 3.59324
4130 3.5942
4131 3.59516
4132 3.59612
4133 3.59708
4134 3.59804
4135 3.599
4136 3.59996
4137 3.60092
4138 3.60187
4139 3.60283
4140 3.60379
4141 3.60475
4142 3.60571
4143 3.60667
4144 3.60762
4145 3.60858
4146 3.60954
4147 3.6105
4148 3.61145
4149 3.61241
4150 3.61337
4151 3.61432
4152 3.61528
4153 3.61624
4154 3.61719
4155 3.61815
4156 3.61911
4157 3.62006
4158 3.62102
4159 3.62198
4160 3.62293
4161 3.62389
4162 3.62484
4163 3.6258
4164 3.62675
4165 3.62771
4166 3.62867
4167 3.62962
4168 3.63058
4169 3.63153
4170 3.63249
4171 3.63344
4172 3.63439
4173 3.63535
4174 3.6363
4175 3.63726
4176 3.63821
4177 3.63917
4178 3.64012
4179 3.64107
4180 3.64203
4181 3.64298
4182 3.64393
4183 3.64489
4184 3.64584
4185 3.64679
4186 3.64774
4187 3.6487
4188 3.64965
4189 3.6506
4190 3.65155
4191 3.65251
4192 3.65346
4193 3.65441
4194 3.65536
4195 3.65631
4196 3.65727
4197 3.65822
4198 3.65917
4199 3.66012
4200 3.66107
4201 3.66202
4202 3.66297
4203 3.66392
4204 3.66488
4205 3.66583
4206 3.66678
4207 3.66773
4208 3.66868
4209 3.66963
4210 3.67058
4211 3.67153
4212 3.67248
4213 3.67343
4214 3.67438
4215 3.67533
4216 3.67627
4217 3.67722
4218 3.67817
4219 3.67912
4220 3.68007
4221 3.68102
4222 3.68197
4223 3.68292
4224 3.68386
4225 3.68481
4226 3.68576
4227 3.68671
4228 3.68766
4229 3.6886
4230 3.68955
4231 3.6905
4232 3.69145
4233 3.69239
4234 3.69334
4235 3.69429
4236 3.69524
4237 3.69618
4238 3.69713
4239 3.69808
4240 3.69902
4241 3.69997
4242 3.70091
4243 3.70186
4244 3.70281
4245 3.70375
4246 3.7047
4247 3.70564
4248 3.70659
4249 3.70753
4250 3.70848
4251 3.70942
4252 3.71037
4253 3.71131
4254 3.71226
4255 3.7132
4256 3.71415
4257 3.71509
4258 3.71604
4259 3.71698
4260 3.71793
4261 3.71887
4262 3.71981
4263 3.72076
4264 3.7217
4265 3.72264
4266 3.72359
4267 3.72453
4268 3.72547
4269 3.72642
4270 3.72736
4271 3.7283
4272 3.72925
4273 3.73019
4274 3.73113
4275 3.73207
4276 3.73302
4277 3.73396
4278 3.7349
4279 3.73584
4280 3.73678
4281 3.73772
4282 3.73867
4283 3.73961
4284 3.74055
4285 3.74149
4286 3.74243
4287 3.74337
4288 3.74431
4289 3.74525
4290 3.74619
4291 3.74713
4292 3.74808
4293 3.74902
4294 3.74996
4295 3.7509
4296 3.75184
4297 3.75278
4298 3.75371
4299 3.75465
4300 3.75559
4301 3.75653
4302 3.75747
4303 3.75841
4304 3.75935
4305 3.76029
4306 3.76123
4307 3.76217
4308 3.76311
4309 3.76404
4310 3.76498
4311 3.76592
4312 3.76686
4313 3.7678
4314 3.76873
4315 3.76967
4316 3.77061
4317 3.77155
4318 3.77248
4319 3.77342
4320 3.77436
4321 3.7753
4322 3.77623
4323 3.77717
4324 3.77811
4325 3.77904
4326 3.77998
4327 3.78091
4328 3.78185
4329 3.78279
4330 3.78372
4331 3.78466
4332 3.78559
4333 3.78653
4334 3.78747
4335 3.7884
4336 3.78934
4337 3.79027
4338 3.79121
4339 3.79214
4340 3.79308
4341 3.79401
4342 3.79495
4343 3.79588
4344 3.79681
4345 3.79775
4346 3.79868
4347 3.79962
4348 3.80055
4349 3.80148
4350 3.80242
4351 3.80335
4352 3.80429
4353 3.80522
4354 3.80615
4355 3.80709
4356 3.80802
4357 3.80895
4358 3.80988
4359 3.81082
4360 3.81175
4361 3.81268
4362 3.81361
4363 3.81455
4364 3.81548
4365 3.81641
4366 3.81734
4367 3.81827
4368 3.81921
4369 3.82014
4370 3.82107
4371 3.822
4372 3.82293
4373 3.82386
4374 3.82479
4375 3.82572
4376 3.82665
4377 3.82758
4378 3.82852
4379 3.82945
4380 3.83038
4381 3.83131
4382 3.83224
4383 3.83317
4384 3.8341
4385 3.83503
4386 3.83595
4387 3.83688
4388 3.83781
4389 3.83874
4390 3.83967
4391 3.8406
4392 3.84153
4393 3.84246
4394 3.84339
4395 3.84432
4396 3.84524
4397 3.84617
4398 3.8471
4399 3.84803
4400 3.84896
4401 3.84989
4402 3.85081
4403 3.85174
4404 3.85267
4405 3.8536
4406 3.85452
4407 3.85545
4408 3.85638
4409 3.8573
4410 3.85823
4411 3.85916
4412 3.86008
4413 3.86101
4414 3.86194
4415 3.86286
4416 3.86379
4417 3.86472
4418 3.86564
4419 3.86657
4420 3.86749
4421 3.86842
4422 3.86934
4423 3.87027
4424 3.8712
4425 3.87212
4426 3.87305
4427 3.87397
4428 3.8749
4429 3.87582
4430 3.87674
4431 3.87767
4432 3.87859
4433 3.87952
4434 3.88044
4435 3.88137
4436 3.88229
4437 3.88321
4438 3.88414
4439 3.88506
4440 3.88598
4441 3.88691
4442 3.88783
4443 3.88875
4444 3.88968
4445 3.8906
4446 3.89152
4447 3.89245
4448 3.89337
4449 3.89429
4450 3.89521
4451 3.89614
4452 3.89706
4453 3.89798
4454 3.8989
4455 3.89982
4456 3.90075
4457 3.90167
4458 3.90259
4459 3.90351
4460 3.90443
4461 3.90535
4462 3.90627
4463 3.90719
4464 3.90811
4465 3.90904
4466 3.90996
4467 3.91088
4468 3.9118
4469 3.91272
4470 3.91364
4471 3.91456
4472 3.91548
4473 3.9164
4474 3.91732
4475 3.91824
4476 3.91916
4477 3.92008
4478 3.92099
4479 3.92191
4480 3.92283
4481 3.92375
4482 3.92467
4483 3.92559
4484 3.92651
4485 3.92743
4486 3.92834
4487 3.92926
4488 3.93018
4489 3.9311
4490 3.93202
4491 3.93293
4492 3.93385
4493 3.93477
4494 3.93569
4495 3.9366
4496 3.93752
4497 3.93844
4498 3.93936
4499 3.94027
4500 3.94119
4501 3.94211
4502 3.94302
4503 3.94394
4504 3.94486
4505 3.94577
4506 3.94669
4507 3.9476
4508 3.94852
4509 3.94944
4510 3.95035
4511 3.95127
4512 3.95218
4513 3.9531
4514 3.95401
4515 3.95493
4516 3.95584
4517 3.95676
4518 3.95767
4519 3.95859
4520 3.9595
4521 3.96042
4522 3.96133
4523 3.96225
4524 3.96316
4525 3.96407
4526 3.96499
4527 3.9659
4528 3.96682
4529 3.96773
4530 3.96864
4531 3.96956
4532 3.97047
4533 3.97138
4534 3.9723
4535 3.97321
4536 3.97412
4537 3.97504
4538 3.97595
4539 3.97686
4540 3.97777
4541 3.97869
4542 3.9796
4543 3.98051
4544 3.98142
4545 3.98233
4546 3.98325
4547 3.98416
4548 3.98507
4549 3.98598
4550 3.98689
4551 3.9878
4552 3.98871
4553 3.98962
4554 3.99054
4555 3.99145
4556 3.99236
4557 3.99327
4558 3.99418
4559 3.99509
4560 3.996
4561 3.99691
4562 3.99782
4563 3.99873
4564 3.99964
4565 4.00055
4566 4.00146
4567 4.00237
4568 4.00328
4569 4.00419
4570 4.0051
4571 4.006
4572 4.00691
4573 4.00782
4574 4.00873
4575 4.00964
4576 4.01055
4577 4.01146
4578 4.01236
4579 4.01327
4580 4.01418
4581 4.01509
4582 4.016
4583 4.0169
4584 4.01781
4585 4.01872
4586 4.01963
4587 4.02053
4588 4.02144
4589 4.02235
4590 4.02326
4591 4.02416
4592 4.02507
4593 4.02598
4594 4.02688
4595 4.02779
4596 4.0287
4597 4.0296
4598 4.03051
4599 4.03141
4600 4.03232
4601 4.03323
4602 4.03413
4603 4.03504
4604 4.03594
4605 4.03685
4606 4.03775
4607 4.03866
4608 4.03956
4609 4.04047
4610 4.04137
4611 4.04228
4612 4.04318
4613 4.04409
4614 4.04499
4615 4.0459
4616 4.0468
4617 4.0477
4618 4.04861
4619 4.04951
4620 4.05042
4621 4.05132
4622 4.05222
4623 4.05313
4624 4.05403
4625 4.05493
4626 4.05584
4627 4.05674
4628 4.05764
4629 4.05854
4630 4.05945
4631 4.06035
4632 4.06125
4633 4.06216
4634 4.06306
4635 4.06396
4636 4.06486
4637 4.06576
4638 4.06667
4639 4.06757
4640 4.06847
4641 4.06937
4642 4.07027
4643 4.07117
4644 4.07207
4645 4.07298
4646 4.07388
4647 4.07478
4648 4.07568
4649 4.07658
4650 4.07748
4651 4.07838
4652 4.07928
4653 4.08018
4654 4.08108
4655 4.08198
4656 4.08288
4657 4.08378
4658 4.08468
4659 4.08558
4660 4.08648
4661 4.08738
4662 4.08828
4663 4.08918
4664 4.09008
4665 4.09097
4666 4.09187
4667 4.09277
4668 4.09367
4669 4.09457
4670 4.09547
4671 4.09637
4672 4.09726
4673 4.09816
4674 4.09906
4675 4.09996
4676 4.10086
4677 4.10175
4678 4.10265
4679 4.10355
4680 4.10445
4681 4.10534
4682 4.10624
4683 4.10714
4684 4.10804
4685 4.10893
4686 4.10983
4687 4.11073
4688 4.11162
4689 4.11252
4690 4.11341
4691 4.11431
4692 4.11521
4693 4.1161
4694 4.117
4695 4.11789
4696 4.11879
4697 4.11969
4698 4.12058
4699 4.12148
4700 4.12237
4701 4.12327
4702 4.12416
4703 4.12506
4704 4.12595
4705 4.12685
4706 4.12774
4707 4.12864
4708 4.12953
4709 4.13043
4710 4.13132
4711 4.13221
4712 4.13311
4713 4.134
4714 4.1349
4715 4.13579
4716 4.13668
4717 4.13758
4718 4.13847
4719 4.13936
4720 4.14026
4721 4.14115
4722 4.14204
4723 4.14293
4724 4.14383
4725 4.14472
4726 4.14561
4727 4.14651
4728 4.1474
4729 4.14829
4730 4.14918
4731 4.15007
4732 4.15097
4733 4.15186
4734 4.15275
4735 4.15364
4736 4.15453
4737 4.15542
4738 4.15632
4739 4.15721
4740 4.1581
4741 4.15899
4742 4.15988
4743 4.16077
4744 4.16166
4745 4.16255
4746 4.16344
4747 4.16433
4748 4.16522
4749 0
4750 0
4751 0
4752 0
4753 0
4754 0
4755 0
4756 0
4757 0
4758 0
4759 0
4760 0
4761 0
4762 0
4763 0
4764 0
4765 0
4766 0
4767 0
4768 0
4769 0
4770 0
4771 0
4772 0
4773 0
4774 0
4775 0
4776 0
4777 0
4778 0
4779 0
4780 0
4781 0
4782 0
4783 0
4784 0
4785 0
4786 0
4787 0
4788 0
4789 0
4790 0
4791 0
4792 0
4793 0
4794 0
4795 0
4796 0
4797 0
4798 0
4799 0
4800 0
4801 0
4802 0
4803 0
4804 0
4805 0
4806 0
4807 0
4808 0
4809 0
4810 0
4811 0
4812 0
4813 0
4814 0
4815 0
4816 0
4817 0
4818 0
4819 0
4820 0
4821 0
4822 0
4823 0
4824 0
4825 0
4826 0
4827 0
4828 0
4829 0
4830 0
4831 0
4832 0
4833 0
4834 0
4835 0
4836 0
4837 0
4838 0
4839 0
4840 0
4841 0
4842 0
4843 0
4844 0
4845 0
4846 0
4847 0
4848 0
4849 0
4850 0
4851 0
4852 0
4853 0
4854 0
4855 0
4856 0
4857 0
4858 0
4859 0
4860 0
4861 0
4862 0
4863 0
4864 0
4865 0
4866 0
4867 0
4868 0
4869 0
4870 0
4871 0
4872 0
4873 0
4874 0
4875 0
4876 0
4877 0
4878 0
4879 0
4880 0
4881 0
4882 0
4883 0
4884 0
4885 0
4886 0
4887 0
4888 0
4889 0
4890 0
4891 0
4892 0
4893 0
4894 0
4895 0
4896 0
4897 0
4898 0
4899 0
4900 0
4901 0
4902 0
4903 0
4904 0
4905 0
4906 0
4907 0
4908 0
4909 0
4910 0
4911 0
4912 0
4913 0
4914 0
4915 0
4916 0
4917 0
4918 0
4919 0
4920 0
4921 0
4922 0
4923 0
4924 0
4925 0
4926 0
4927 0
4928 0
4929 0
4930 0
4931 0
4932 0
4933 0
4934 0
4935 0
4936 0
4937 0
4938 0
4939 0
4940 0
4941 0
4942 0
4943 0
4944 0
4945 0
4946 0
4947 0
4948 0
4949 0
4950 0
4951 0
4952 0
4953 0
4954 0
4955 0
4956 0
4957 0
4958 0
4959 0
4960 0
4961 0
4962 0
4963 0
4964 0
4965 0
4966 0
4967 0
4968 0
4969 0
4970 0
4971 0
4972 0
4973 0
4974 0
4975 0
4976 0
4977 0
4978 0
4979 0
4980 0
4981 0
4982 0
4983 0
4984 0
4985 0
4986 0
4987 0
4988 0
4989 0
4990 0
4991 0
4992 0
4993 0
4994 0
4995 0
4996 0
4997 0
4998 0
4999 0
5000 0
5001 0
5002 0
5003 0
5004 0
5005 0
5006 0
5007 0
5008 0
5009 0
5010 0
5011 0
5012 0
5013 0
5014 0
5015 0
5016 0
5017 0
5018 0
5019 0
5020 0
5021 0
5022 0
5023 0
5024 0
5025 0
5026 0
5027 0
5028 0
5029 0
5030 0
5031 0
5032 0
5033 0
5034 0
5035 0
5036 0
5037 0
5038 0
5039 0
5040 0
5041 0
5042 0
5043 0
5044 0
5045 0
5046 0
5047 0
5048 0
5049 0
5050 0
5051 0
5052 0
5053 0
5054 0
5055 0
5056 0
5057 0
5058 0
5059 0
5060 0
5061 0
5062 0
5063 0
5064 0
5065 0
5066 0
5067 0
5068 0
5069 0
5070 0
5071 0
5072 0
5073 0
5074 0
5075 0
5076 0
5077 0
5078 0
5079 0
5080 0
5081 0
5082 0
5083 0
5084 0
5085 0
5086 0
5087 0
5088 0
5089 0
5090 0
5091 0
5092 0
5093 0
5094 0
5095 0
5096 0
5097 0
5098 0
5099 0
5100 0
5101 0
5102 0
5103 0
5104 0
5105 0
5106 0
5107 0
5108 0
5109 0
5110 0
5111 0
5112 0
5113 0
5114 0
5115 0
5116 0
5117 0
5118 0
5119 0
5120 0
5121 0
5122 0
5123 0
5124 0
5125 0
5126 0
5127 0
5128 0
5129 0
5130 0
5131 0
5132 0
5133 0
5134 0
5135 0
5136 0
5137 0
5138 0
5139 0
5140 0
5141 0
5142 0
5143 0
5144 0
5145 0
5146 0
5147 0
5148 0
5149 0
5150 0
5151 0
5152 0
5153 0
5154 0
5155 0
5156 0
5157 0
5158 0
5159 0
5160 0
5161 0
5162 0
5163 0
5164 0
5165 0
5166 0
5167 0
5168 0
5169 0
5170 0
5171 0
5172 0
5173 0
5174 0
5175 0
5176 0
5177 0
5178 0
5179 0
5180 0
5181 0
5182 0
5183 0
5184 0
5185 0
5186 0
5187 0
5188 0
5189 0
5190 0
5191 0
5192 0
5193 0
5194 0
5195 0
5196 0
5197 0
5198 0
5199 0
5200 0
5201 0
5202 0
5203 0
5204 0
5205 0
5206 0
5207 0
5208 0
5209 0
5210 0
5211 0
5212 0
5213 0
5214 0
5215 0
5216 0
5217 0
5218 0
5219 0
5220 0
5221 0
5222 0
5223 0
5224 0
5225 0
5226 0
5227 0
5228 0
5229 0
5230 0
5231 0
5232 0
5233 0
5234 0
5235 0
5236 0
5237 0
5238 0
5239 0
5240 0
5241 0
5242 0
5243 0
5244 0
5245 0
5246 0
5247 0
5248 0
5249 0
5250 0
5251 0
5252 0
5253 0
5254 0
5255 0
5256 0
5257 0
5258 0
5259 0
5260 0
5261 0
5262 0
5263 0
5264 0
5265 0
5266 0
5267 0
5268 0
5269 0
5270 0
5271 0
5272 0
5273 0
5274 0
5275 0
5276 0
5277 0
5278 0
5279 0
5280 0
5281 0
5282 0
5283 0
5284 0
5285 0
5286 0
5287 0
5288 0
5289 0
5290 0
5291 0
5292 0
5293 0
5294 0
5295 0
5296 0
5297 0
5298 0
5299 0
5300 0
5301 0
5302 0
5303 0
5304 0
5305 0
5306 0
5307 0
5308 0
5309 0
5310 0
5311 0
5312 0
5313 0
5314 0
5315 0
5316 0
5317 0
5318 0
5319 0
5320 0
5321 0
5322 0
5323 0
5324 0
5325 0
5326 0
5327 0
5328 0
5329 0
5330 0
5331 0
5332 0
5333 0
5334 0
5335 0
5336 0
5337 0
5338 0
5339 0
5340 0
5341 0
5342 0
5343 0
5344 0
5345 0
5346 0
5347 0
5348 0
5349 0
5350 0
5351 0
5352 0
5353 0
5354 0
5355 0
5356 0
5357 0
5358 0
5359 0
5360 0
5361 0
5362 0
5363 0
5364 0
5365 0
5366 0
5367 0
5368 0
5369 0
5370 0
5371 0
5372 0
5373 0
5374 0
5375 0
5376 0
5377 0
5378 0
5379 0
5380 0
5381 0
5382 0
5383 0
5384 0
5385 0
5386 0
5387 0
5388 0
5389 0
5390 0
5391 0
5392 0
5393 0
5394 0
5395 0
5396 0
5397 0
5398 0
5399 0
5400 0
5401 0
5402 0
5403 0
5404 0
5405 0
5406 0
5407 0
5408 0
5409 0
5410 0
5411 0
5412 0
5413 0
5414 0
5415 0
5416 0
5417 0
5418 0
5419 0
5420 0
5421 0
5422 0
5423 0
5424 0
5425 0
5426 0
5427 0
5428 0
5429 0
5430 0
5431 0
5432 0
5433 0
5434 0
5435 0
5436 0
5437 0
5438 0
5439 0
5440 0
5441 0
5442 0
5443 0
5444 0
5445 0
5446 0
5447 0
5448 0
5449 0
5450 0
5451 0
5452 0
5453 0
5454 0
5455 0
5456 0
5457 0
5458 0
5459 0
5460 0
5461 0
5462 0
5463 0
5464 0
5465 0
5466 0
5467 0
5468 0
5469 0
5470 0
5471 0
5472 0
5473 0
5474 0
5475 0
5476 0
5477 0
5478 0
5479 0
5480 0
5481 0
5482 0
5483 0
5484 0
5485 0
5486 0
5487 0
5488 0
5489 0
5490 0
5491 0
5492 0
5493 0
5494 0
5495 0
5496 0
5497 0
5498 0
5499 0
5500 0
5501 0
5502 0
5503 0
5504 0
5505 0
5506 0
5507 0
5508 0
5509 0
5510 0
5511 0
5512 0
5513 0
5514 0
5515 0
5516 0
5517 0
5518 0
5519 0
5520 0
5521 0
5522 0
5523 0
5524 0
5525 0
5526 0
5527 0
5528 0
5529 0
5530 0
5531 0
5532 0
5533 0
5534 0
5535 0
5536 0
5537 0
5538 0
5539 0
5540 0
5541 0
5542 0
5543 0
5544 0
5545 0
5546 0
5547 0
5548 0
5549 0
5550 0
5551 0
5552 0
5553 0
5554 0
5555 0
5556 0
5557 0
5558 0
5559 0
5560 0
5561 0
5562 0
5563 0
5564 0
5565 0
5566 0
5567 0
5568 0
5569 0
5570 0
5571 0
5572 0
5573 0
5574 0
5575 0
5576 0
5577 0
5578 0
5579 0
5580 0
5581 0
5582 0
5583 0
5584 0
5585 0
5586 0
5587 0
5588 0
5589 0
5590 0
5591 0
5592 0
5593 0
5594 0
5595 0
5596 0
5597 0
5598 0
5599 0
5600 0
5601 0
5602 0
5603 0
5604 0
5605 0
5606 0
5607 0
5608 0
5609 0
5610 0
5611 0
5612 0
5613 0
5614 0
5615 0
5616 0
5617 0
5618 0
5619 0
5620 0
5621 0
5622 0
5623 0
5624 0
5625 0
5626 0
5627 0
5628 0
5629 0
5630 0
5631 0
5632 0
5633 0
5634 0
5635 0
5636 0
5637 0
5638 0
5639 0
5640 0
5641 0
5642 0
5643 0
5644 0
5645 0
5646 0
5647 0
5648 0
5649 0
5650 0
5651 0
5652 0
5653 0
5654 0
5655 0
5656 0
5657 0
5658 0
5659 0
5660 0
5661 0
5662 0
5663 0
5664 0
5665 0
5666 0
5667 0
5668 0
5669 0
5670 0
5671 0
5672 0
5673 0
5674 0
5675 0
5676 0
5677 0
5678 0
5679 0
5680 0
5681 0
5682 0
5683 0
5684 0
5685 0
5686 0
5687 0
5688 0
5689 0
5690 0
5691 0
5692 0
5693 0
5694 0
5695 0
5696 0
5697 0
5698 0
5699 0
5700 0
5701 0
5702 0
5703 0
5704 0
5705 0
5706 0
5707 0
5708 0
5709 0
5710 0
5711 0
5712 0
5713 0
5714 0
5715 0
5716 0
5717 0
5718 0
5719 0
5720 0
5721 0
5722 0
5723 0
5724 0
5725 0
5726 0
5727 0
5728 0
5729 0
5730 0
5731 0
5732 0
5733 0
5734 0
5735 0
5736 0
5737 0
5738 0
5739 0
5740 0
5741 0
5742 0
5743 0
5744 0
5745 0
5746 0
5747 0
5748 0
5749 0
5750 0
5751 0
5752 0
5753 0
5754 0
5755 0
5756 0
5757 0
5758 0
5759 0
5760 0
5761 0
5762 0
5763 0
5764 0
5765 0
5766 0
5767 0
5768 0
5769 0
5770 0
5771 0
5772 0
5773 0
5774 0
5775 0
5776 0
5777 0
5778 0
5779 0
5780 0
5781 0
5782 0
5783 0
5784 0
5785 0
5786 0
5787 0
5788 0
5789 0
5790 0
5791 0
5792 0
5793 0
5794 0
5795 0
5796 0
5797 0
5798 0
5799 0
5800 0
5801 0
5802 0
5803 0
5804 0
5805 0
5806 0
5807 0
5808 0
5809 0
5810 0
5811 0
5812 0
5813 0
5814 0
5815 0
5816 0
5817 0
5818 0
5819 0
5820 0
5821 0
5822 0
5823 0
5824 0
5825 0
5826 0
5827 0
5828 0
5829 0
5830 0
5831 0
5832 0
5833 0
5834 0
5835 0
5836 0
5837 0
5838 0
5839 0
5840 0
5841 0
5842 0
5843 0
5844 0
5845 0
5846 0
5847 0
5848 0
5849 0
5850 0
5851 0
5852 0
5853 0
5854 0
5855 0
5856 0
5857 0
5858 0
5859 0
5860 0
5861 0
5862 0
5863 0
5864 0
5865 0
5866 0
5867 0
5868 0
5869 0
5870 0
5871 0
5872 0
5873 0
5874 0
5875 0
5876 0
5877 0
5878 0
5879 0
5880 0
5881 0
5882 0
5883 0
5884 0
5885 0
5886 0
5887 0
5888 0
5889 0
5890 0
5891 0
5892 0
5893 0
5894 0
5895 0
5896 0
5897 0
5898 0
5899 0
5900 0
5901 0
5902 0
5903 0
5904 0
5905 0
5906 0
5907 0
5908 0
5909 0
5910 0
5911 0
5912 0
5913 0
5914 0
5915 0
5916 0
5917 0
5918 0
5919 0
5920 0
5921 0
5922 0
5923 0
5924 0
5925 0
5926 0
5927 0
5928 0
5929 0
5930 0
5931 0
5932 0
5933 0
5934 0
5935 0
5936 0
5937 0
5938 0
5939 0
5940 0
5941 0
5942 0
5943 0
5944 0
5945 0
5946 0
5947 0
5948 0
5949 0
5950 0
5951 0
5952 0
5953 0
5954 0
5955 0
5956 0
5957 0
5958 0
5959 0
5960 0
5961 0
5962 0
5963 0
5964 0
5965 0
5966 0
5967 0
5968 0
5969 0
5970 0
5971 0
5972 0
5973 0
5974 0
5975 0
5976 0
5977 0
5978 0
5979 0
5980 0
5981 0
5982 0
5983 0
5984 0
5985 0
5986 0
5987 0
5988 0
5989 0
5990 0
5991 0
5992 0
5993 0
5994 0
5995 0
5996 0
5997 0
5998 0
5999 0
6000 0
6001 0
6002 0
6003 0
6004 0
6005 0
6006 0
6007 0
6008 0
6009 0
6010 0
6011 0
6012 0
6013 0
6014 0
6015 0
6016 0
6017 0
6018 0
6019 0
6020 0
6021 0
6022 0
6023 0
6024 0
6025 0
6026 0
6027 0
6028 0
6029 0
6030 0
6031 0
6032 0
6033 0
6034 0
6035 0
6036 0
6037 0
6038 0
6039 0
6040 0
6041 0
6042 0
6043 0
6044 0
6045 0
6046 0
6047 0
6048 0
6049 0
6050 0
6051 0
6052 0
6053 0
6054 0
6055 0
6056 0
6057 0
6058 0
6059 0
6060 0
6061 0
6062 0
6063 0
6064 0
6065 0
6066 0
6067 0
6068 0
6069 0
6070 0
6071 0
6072 0
6073 0
6074 0
6075 0
6076 0
6077 0
6078 0
6079 0
6080 0
6081 0
6082 0
6083 0
6084 0
6085 0
6086 0
6087 0
6088 0
6089 0
6090 0
6091 0
6092 0
6093 0
6094 0
6095 0
6096 0
6097 0
6098 0
6099 0
6100 0
6101 0
6102 0
6103 0
6104 0
6105 0
6106 0
6107 0
6108 0
6109 0
6110 0
6111 0
6112 0
6113 0
6114 0
6115 0
6116 0
6117 0
6118 0
6119 0
6120 0
6121 0
6122 0
6123 0
6124 0
6125 0
6126 0
6127 0
6128 0
6129 0
6130 0
6131 0
6132 0
6133 0
6134 0
6135 0
6136 0
6137 0
6138 0
6139 0
6140 0
6141 0
6142 0
6143 0
6144 0
6145 0
6146 0
6147 0
6148 0
6149 0
6150 0
6151 0
6152 0
6153 0
6154 0
6155 0
6156 0
6157 0
6158 0
6159 0
6160 0
6161 0
6162 0
6163 0
6164 0
6165 0
6166 0
6167 0
6168 0
6169 0
6170 0
6171 0
6172 0
6173 0
6174 0
6175 0
6176 0
6177 0
6178 0
6179 0
6180 0
6181 0
6182 0
6183 0
6184 0
6185 0
6186 0
6187 0
6188 0
6189 0
6190 0
6191 0
6192 0
6193 0
6194 0
6195 0
6196 0
6197 0
6198 0
6199 0
6200 0
6201 0
6202 0
6203 0
6204 0
6205 0
6206 0
6207 0
6208 0
6209 0
6210 0
6211 0
6212 0
6213 0
6214 0
6215 0
6216 0
6217 0
6218 0
6219 0
6220 0
6221 0
6222 0
6223 0
6224 0
6225 0
6226 0
6227 0
6228 0
6229 0
6230 0
6231 0
6232 0
6233 0
6234 0
6235 0
6236 0
6237 0
6238 0
6239 0
6240 0
6241 0
6242 0
6243 0
6244 0
6245 0
6246 0
6247 0
6248 0
6249 0
6250 0
6251 0
6252 0
6253 0
6254 0
6255 0
6256 0
6257 0
6258 0
6259 0
6260 0
6261 0
6262 0
6263 0
6264 0
6265 0
6266 0
6267 0
6268 0
6269 0
6270 0
6271 0
6272 0
6273 0
6274 0
6275 0
6276 0
6277 0
6278 0
6279 0
6280 0
6281 0
6282 0
6283 0
6284 0
6285 0
6286 0
6287 0
6288 0
6289 0
6290 0
6291 0
6292 0
6293 0
6294 0
6295 0
6296 0
6297 0
6298 0
6299 0
6300 0
6301 0
6302 0
6303 0
6304 0
6305 0
6306 0
6307 0
6308 0
6309 0
6310 0
6311 0
6312 0
6313 0
6314 0
6315 0
6316 0
6317 0
6318 0
6319 0
6320 0
6321 0
6322 0
6323 0
6324 0
6325 0
6326 0
6327 0
6328 0
6329 0
6330 0
6331 0
6332 0
6333 0
6334 0
6335 0
6336 0
6337 0
6338 0
6339 0
6340 0
6341 0
6342 0
6343 0
6344 0
6345 0
6346 0
6347 0
6348 0
6349 0
6350 0
6351 0
6352 0
6353 0
6354 0
6355 0
6356 0
6357 0
6358 0
6359 0
6360 0
6361 0
6362 0
6363 0
6364 0
6365 0
6366 0
6367 0
6368 0
6369 0
6370 0
6371 0
6372 0
6373 0
6374 0
6375 0
6376 0
6377 0
6378 0
6379 0
6380 0
6381 0
6382 0
6383 0
6384 0
6385 0
6386 0
6387 0
6388 0
6389 0
6390 0
6391 0
6392 0
6393 0
6394 0
6395 0
6396 0
6397 0
6398 0
6399 0
6400 0
6401 0
6402 0
6403 0
6404 0
6405 0
6406 0
6407 0
6408 0
6409 0
6410 0
6411 0
6412 0
6413 0
6414 0
6415 0
6416 0
6417 0
6418 0
6419 0
6420 0
6421 0
6422 0
6423 0
6424 0
6425 0
6426 0
6427 0
6428 0
6429 0
6430 0
6431 0
6432 0
6433 0
6434 0
6435 0
6436 0
6437 0
6438 0
6439 0
6440 0
6441 0
6442 0
6443 0
6444 0
6445 0
6446 0
6447 0
6448 0
6449 0
6450 0
6451 0
6452 0
6453 0
6454 0
6455 0
6456 0
6457 0
6458 0
6459 0
6460 0
6461 0
6462 0
6463 0
6464 0
6465 0
6466 0
6467 0
6468 0
6469 0
6470 0
6471 0
6472 0
6473 0
6474 0
6475 0
6476 0
6477 0
6478 0
6479 0
6480 0
6481 0
6482 0
6483 0
6484 0
6485 0
6486 0
6487 0
6488 0
6489 0
6490 0
6491 0
6492 0
6493 0
6494 0
6495 0
6496 0
6497 0
6498 0
6499 0
6500 0
6501 0
6502 0
6503 0
6504 0
6505 0
6506 0
6507 0
6508 0
6509 0
6510 0
6511 0
6512 0
6513 0
6514 0
6515 0
6516 0
6517 0
6518 0
6519 0
6520 0
6521 0
6522 0
6523 0
6524 0
6525 0
6526 0
6527 0
6528 0
6529 0
6530 0
6531 0
6532 0
6533 0
6534 0
6535 0
6536 0
6537 0
6538 0
6539 0
6540 0
6541 0
6542 0
6543 0
6544 0
6545 0
6546 0
6547 0
6548 0
6549 0
6550 0
6551 0
6552 0
6553 0
6554 0
6555 0
6556 0
6557 0
6558 0
6559 0
6560 0
6561 0
6562 0
6563 0
6564 0
6565 0
6566 0
6567 0
6568 0
6569 0
6570 0
6571 0
6572 0
6573 0
6574 0
6575 0
6576 0
6577 0
6578 0
6579 0
6580 0
6581 0
6582 0
6583 0
6584 0
6585 0
6586 0
6587 0
6588 0
6589 0
6590 0
6591 0
6592 0
6593 0
6594 0
6595 0
6596 0
6597 0
6598 0
6599 0
6600 0
6601 0
6602 0
6603 0
6604 0
6605 0
6606 0
6607 0
6608 0
6609 0
6610 0
6611 0
6612 0
6613 0
6614 0
6615 0
6616 0
6617 0
6618 0
6619 0
6620 0
6621 0
6622 0
6623 0
6624 0
6625 0
6626 0
6627 0
6628 0
6629 0
6630 0
6631 0
6632 0
6633 0
6634 0
6635 0
6636 0
6637 0
6638 0
6639 0
6640 0
6641 0
6642 0
6643 0
6644 0
6645 0
6646 0
6647 0
6648 0
6649 0
6650 0
6651 0
6652 0
6653 0
6654 0
6655 0
6656 0
6657 0
6658 0
6659 0
6660 0
6661 0
6662 0
6663 0
6664 0
6665 0
6666 0
6667 0
6668 0
6669 0
6670 0
6671 0
6672 0
6673 0
6674 0
6675 0
6676 0
6677 0
6678 0
6679 0
6680 0
6681 0
6682 0
6683 0
6684 0
6685 0
6686 0
6687 0
6688 0
6689 0
6690 0
6691 0
6692 0
6693 0
6694 0
6695 0
6696 0
6697 0
6698 0
6699 0
6700 0
6701 0
6702 0
6703 0
6704 0
6705 0
6706 0
6707 0
6708 0
6709 0
6710 0
6711 0
6712 0
6713 0
6714 0
6715 0
6716 0
6717 0
6718 0
6719 0
6720 0
6721 0
6722 0
6723 0
6724 0
6725 0
6726 0
6727 0
6728 0
6729 0
6730 0
6731 0
6732 0
6733 0
6734 0
6735 0
6736 0
6737 0
6738 0
6739 0
6740 0
6741 0
6742 0
6743 0
6744 0
6745 0
6746 0
6747 0
6748 0
6749 0
6750 0
6751 0
6752 0
6753 0
6754 0
6755 0
6756 0
6757 0
6758 0
6759 0
6760 0
6761 0
6762 0
6763 0
6764 0
6765 0
6766 0
6767 0
6768 0
6769 0
6770 0
6771 0
6772 0
6773 0
6774 0
6775 0
6776 0
6777 0
6778 0
6779 0
6780 0
6781 0
6782 0
6783 0
6784 0
6785 0
6786 0
6787 0
6788 0
6789 0
6790 0
6791 0
6792 0
6793 0
6794 0
6795 0
6796 0
6797 0
6798 0
6799 0
6800 0
6801 0
6802 0
6803 0
6804 0
6805 0
6806 0
6807 0
6808 0
6809 0
6810 0
6811 0
6812 0
6813 0
6814 0
6815 0
6816 0
6817 0
6818 0
6819 0
6820 0
6821 0
6822 0
6823 0
6824 0
6825 0
6826 0
6827 0
6828 0
6829 0
6830 0
6831 0
6832 0
6833 0
6834 0
6835 0
6836 0
6837 0
6838 0
6839 0
6840 0
6841 0
6842 0
6843 0
6844 0
6845 0
6846 0
6847 0
6848 0
6849 0
6850 0
6851 0
6852 0
6853 0
6854 0
6855 0
6856 0
6857 0
6858 0
6859 0
6860 0
6861 0
6862 0
6863 0
6864 0
6865 0
6866 0
6867 0
6868 0
6869 0
6870 0
6871 0
6872 0
6873 0
6874 0
6875 0
6876 0
6877 0
6878 0
6879 0
6880 0
6881 0
6882 0
6883 0
6884 0
6885 0
6886 0
6887 0
6888 0
6889 0
6890 0
6891 0
6892 0
6893 0
6894 0
6895 0
6896 0
6897 0
6898 0
6899 0
6900 0
6901 0
6902 0
6903 0
6904 0
6905 0
6906 0
6907 0
6908 0
6909 0
6910 0
6911 0
6912 0
6913 0
6914 0
6915 0
6916 0
6917 0
6918 0
6919 0
6920 0
6921 0
6922 0
6923 0
6924 0
6925 0
6926 0
6927 0
6928 0
6929 0
6930 0
6931 0
6932 0
6933 0
6934 0
6935 0
6936 0
6937 0
6938 0
6939 0
6940 0
6941 0
6942 0
6943 0
6944 0
6945 0
6946 0
6947 0
6948 0
6949 0
6950 0
6951 0
6952 0
6953 0
6954 0
6955 0
6956 0
6957 0
6958 0
6959 0
6960 0
6961 0
6962 0
6963 0
6964 0
6965 0
6966 0
6967 0
6968 0
6969 0
6970 0
6971 0
6972 0
6973 0
6974 0
6975 0
6976 0
6977 0
6978 0
6979 0
6980 0
6981 0
6982 0
6983 0
6984 0
6985 0
6986 0
6987 0
6988 0
6989 0
6990 0
6991 0
6992 0
6993 0
6994 0
6995 0
6996 0
6997 0
6998 0
6999 0
7000 0
7001 0
7002 0
7003 0
7004 0
7005 0
7006 0
7007 0
7008 0
7009 0
7010 0
7011 0
7012 0
7013 0
7014 0
7015 0
7016 0
7017 0
7018 0
7019 0
7020 0
7021 0
7022 0
7023 0
7024 0
7025 0
7026 0
7027 0
7028 0
7029 0
7030 0
7031 0
7032 0
7033 0
7034 0
7035 0
7036 0
7037 0
7038 0
7039 0
7040 0
7041 0
7042 0
7043 0
7044 0
7045 0
7046 0
7047 0
7048 0
7049 0
7050 0
7051 0
7052 0
7053 0
7054 0
7055 0
7056 0
7057 0
7058 0
7059 0
7060 0
7061 0
7062 0
7063 0
7064 0
7065 0
7066 0
7067 0
7068 0
7069 0
7070 0
7071 0
7072 0
7073 0
7074 0
7075 0
7076 0
7077 0
7078 0
7079 0
7080 0
7081 0
7082 0
7083 0
7084 0
7085 0
7086 0
7087 0
7088 0
7089 0
7090 0
7091 0
7092 0
7093 0
7094 0
7095 0
7096 0
7097 0
7098 0
7099 0
7100 0
7101 0
7102 0
7103 0
7104 0
7105 0
7106 0
7107 0
7108 0
7109 0
7110 0
7111 0
7112 0
7113 0
7114 0
7115 0
7116 0
7117 0
7118 0
7119 0
7120 0
7121 0
7122 0
7123 0
7124 0
7125 0
7126 0
7127 0
7128 0
7129 0
7130 0
7131 0
7132 0
7133 0
7134 0
7135 0
7136 0
7137 0
7138 0
7139 0
7140 0
7141 0
7142 0
7143 0
7144 0
7145 0
7146 0
7147 0
7148 0
7149 0
7150 0
7151 0
7152 0
7153 0
7154 0
7155 0
7156 0
7157 0
7158 0
7159 0
7160 0
7161 0
7162 0
7163 0
7164 0
7165 0
7166 0
7167 0
7168 0
7169 0
7170 0
7171 0
7172 0
7173 0
7174 0
7175 0
7176 0
7177 0
7178 0
7179 0
7180 0
7181 0
7182 0
7183 0
7184 0
7185 0
7186 0
7187 0
7188 0
7189 0
7190 0
7191 0
7192 0
7193 0
7194 0
7195 0
7196 0
7197 0
7198 0
7199 0
7200 0
7201 0
7202 0
7203 0
7204 0
7205 0
7206 0
7207 0
7208 0
7209 0
7210 0
7211 0
7212 0
7213 0
7214 0
7215 0
7216 0
7217 0
7218 0
7219 0
7220 0
7221 0
7222 0
7223 0
7224 0
7225 0
7226 0
7227 0
7228 0
7229 0
7230 0
7231 0
7232 0
7233 0
7234 0
7235 0
7236 0
7237 0
7238 0
7239 0
7240 0
7241 0
7242 0
7243 0
7244 0
7245 0
7246 0
7247 0
7248 0
7249 0
7250 0
7251 0
7252 0
7253 0
7254 0
7255 0
7256 0
7257 0
7258 0
7259 0
7260 0
7261 0
7262 0
7263 0
7264 0
7265 0
7266 0
7267 0
7268 0
7269 0
7270 0
7271 0
7272 0
7273 0
7274 0
7275 0
7276 0
7277 0
7278 0
7279 0
7280 0
7281 0
7282 0
7283 0
7284 0
7285 0
7286 0
7287 0
7288 0
7289 0
7290 0
7291 0
7292 0
7293 0
7294 0
7295 0
7296 0
7297 0
7298 0
7299 0
7300 0
7301 0
7302 0
7303 0
7304 0
7305 0
7306 0
7307 0
7308 0
7309 0
7310 0
7311 0
7312 0
7313 0
7314 0
7315 0
7316 0
7317 0
7318 0
7319 0
7320 0
7321 0
7322 0
7323 0
7324 0
7325 0
7326 0
7327 0
7328 0
7329 0
7330 0
7331 0
7332 0
7333 0
7334 0
7335 0
7336 0
7337 0
7338 0
7339 0
7340 0
7341 0
7342 0
7343 0
7344 0
7345 0
7346 0
7347 0
7348 0
7349 0
7350 0
7351 0
7352 0
7353 0
7354 0
7355 0
7356 0
7357 0
7358 0
7359 0
7360 0
7361 0
7362 0
7363 0
7364 0
7365 0
7366 0
7367 0
7368 0
7369 0
7370 0
7371 0
7372 0
7373 0
7374 0
7375 0
7376 0
7377 0
7378 0
7379 0
7380 0
7381 0
7382 0
7383 0
7384 0
7385 0
7386 0
7387 0
7388 0
7389 0
7390 0
7391 0
7392 0
7393 0
7394 0
7395 0
7396 0
7397 0
7398 0
7399 0
7400 0
7401 0
7402 0
7403 0
7404 0
7405 0
7406 0
7407 0
7408 0
7409 0
7410 0
7411 0
7412 0
7413 0
7414 0
7415 0
7416 0
7417 0
7418 0
7419 0
7420 0
7421 0
7422 0
7423 0
7424 0
7425 0
7426 0
7427 0
7428 0
7429 0
7430 0
7431 0
7432 0
7433 0
7434 0
7435 0
7436 0
7437 0
7438 0
7439 0
7440 0
7441 0
7442 0
7443 0
7444 0
7445 0
7446 0
7447 0
7448 0
7449 0
7450 0
7451 0
7452 0
7453 0
7454 0
7455 0
7456 0
7457 0
7458 0
7459 0
7460 0
7461 0
7462 0
7463 0
7464 0
7465 0
7466 0
7467 0
7468 0
7469 0
7470 0
7471 0
7472 0
7473 0
7474 0
7475 0
7476 0
7477 0
7478 0
7479 0
7480 0
7481 0
7482 0
7483 0
7484 0
7485 0
7486 0
7487 0
7488 0
7489 0
7490 0
7491 0
7492 0
7493 0
7494 0
7495 0
7496 0
7497 0
7498 0
7499 0
7500 0
7501 0
7502 0
7503 0
7504 0
7505 0
7506 0
7507 0
7508 0
7509 0
7510 0
7511 0
7512 0
7513 0
7514 0
7515 0
7516 0
7517 0
7518 0
7519 0
7520 0
7521 0
7522 0
7523 0
7524 0
7525 0
7526 0
7527 0
7528 0
7529 0
7530 0
7531 0
7532 0
7533 0
7534 0
7535 0
7536 0
7537 0
7538 0
7539 0
7540 0
7541 0
7542 0
7543 0
7544 0
7545 0
7546 0
7547 0
7548 0
7549 0
7550 0
7551 0
7552 0
7553 0
7554 0
7555 0
7556 0
7557 0
7558 0
7559 0
7560 0
7561 0
7562 0
7563 0
7564 0
7565 0
7566 0
7567 0
7568 0
7569 0
7570 0
7571 0
7572 0
7573 0
7574 0
7575 0
7576 0
7577 0
7578 0
7579 0
7580 0
7581 0
7582 0
7583 0
7584 0
7585 0
7586 0
7587 0
7588 0
7589 0
7590 0
7591 0
7592 0
7593 0
7594 0
7595 0
7596 0
7597 0
7598 0
7599 0
7600 0
7601 0
7602 0
7603 0
7604 0
7605 0
7606 0
7607 0
7608 0
7609 0
7610 0
7611 0
7612 0
7613 0
7614 0
7615 0
7616 0
7617 0
7618 0
7619 0
7620 0
7621 0
7622 0
7623 0
7624 0
7625 0
7626 0
7627 0
7628 0
7629 0
7630 0
7631 0
7632 0
7633 0
7634 0
7635 0
7636 0
7637 0
7638 0
7639 0
7640 0
7641 0
7642 0
7643 0
7644 0
7645 0
7646 0
7647 0
7648 0
7649 0
7650 0
7651 0
7652 0
7653 0
7654 0
7655 0
7656 0
7657 0
7658 0
7659 0
7660 0
7661 0
7662 0
7663 0
7664 0
7665 0
7666 0
7667 0
7668 0
7669 0
7670 0
7671 0
7672 0
7673 0
7674 0
7675 0
7676 0
7677 0
7678 0
7679 0
7680 0
7681 0
7682 0
7683 0
7684 0
7685 0
7686 0
7687 0
7688 0
7689 0
7690 0
7691 0
7692 0
7693 0
7694 0
7695 0
7696 0
7697 0
7698 0
7699 0
7700 0
7701 0
7702 0
7703 0
7704 0
7705 0
7706 0
7707 0
7708 0
7709 0
7710 0
7711 0
7712 0
7713 0
7714 0
7715 0
7716 0
7717 0
7718 0
7719 0
7720 0
7721 0
7722 0
7723 0
7724 0
7725 0
7726 0
7727 0
7728 0
7729 0
7730 0
7731 0
7732 0
7733 0
7734 0
7735 0
7736 0
7737 0
7738 0
7739 0
7740 0
7741 0
7742 0
7743 0
7744 0
7745 0
7746 0
7747 0
7748 0
7749 0
7750 0
7751 0
7752 0
7753 0
7754 0
7755 0
7756 0
7757 0
7758 0
7759 0
7760 0
7761 0
7762 0
7763 0
7764 0
7765 0
7766 0
7767 0
7768 0
7769 0
7770 0
7771 0
7772 0
7773 0
7774 0
7775 0
7776 0
7777 0
7778 0
7779 0
7780 0
7781 0
7782 0
7783 0
7784 0
7785 0
7786 0
7787 0
7788 0
7789 0
7790 0
7791 0
7792 0
7793 0
7794 0
7795 0
7796 0
7797 0
7798 0
7799 0
7800 0
7801 0
7802 0
7803 0
7804 0
7805 0
7806 0
7807 0
7808 0
7809 0
7810 0
7811 0
7812 0
7813 0
7814 0
7815 0
7816 0
7817 0
7818 0
7819 0
7820 0
7821 0
7822 0
7823 0
7824 0
7825 0
7826 0
7827 0
7828 0
7829 0
7830 0
7831 0
7832 0
7833 0
7834 0
7835 0
7836 0
7837 0
7838 0
7839 0
7840 0
7841 0
7842 0
7843 0
7844 0
7845 0
7846 0
7847 0
7848 0
7849 0
7850 0
7851 0
7852 0
7853 0
7854 0
7855 0
7856 0
7857 0
7858 0
7859 0
7860 0
7861 0
7862 0
7863 0
7864 0
7865 0
7866 0
7867 0
7868 0
7869 0
7870 0
7871 0
7872 0
7873 0
7874 0
7875 0
7876 0
7877 0
7878 0
7879 0
7880 0
7881 0
7882 0
7883 0
7884 0
7885 0
7886 0
7887 0
7888 0
7889 0
7890 0
7891 0
7892 0
7893 0
7894 0
7895 0
7896 0
7897 0
7898 0
7899 0
7900 0
7901 0
7902 0
7903 0
7904 0
7905 0
7906 0
7907 0
7908 0
7909 0
7910 0
7911 0
7912 0
7913 0
7914 0
7915 0
7916 0
7917 0
7918 0
7919 0
7920 0
7921 0
7922 0
7923 0
7924 0
7925 0
7926 0
7927 0
7928 0
7929 0
7930 0
7931 0
7932 0
7933 0
7934 0
7935 0
7936 0
7937 0
7938 0
7939 0
7940 0
7941 0
7942 0
7943 0
7944 0
7945 0
7946 0
7947 0
7948 0
7949 0
7950 0
7951 0
7952 0
7953 0
7954 0
7955 0
7956 0
7957 0
7958 0
7959 0
7960 0
7961 0
7962 0
7963 0
7964 0
7965 0
7966 0
7967 0
7968 0
7969 0
7970 0
7971 0
7972 0
7973 0
7974 0
7975 0
7976 0
7977 0
7978 0
7979 0
7980 0
7981 0
7982 0
7983 0
7984 0
7985 0
7986 0
7987 0
7988 0
7989 0
7990 0
7991 0
7992 0
7993 0
7994 0
7995 0
7996 0
7997 0
7998 0
7999 0
8000 0
8001 0
8002 0
8003 0
8004 0
8005 0
8006 0
8007 0
8008 0
8009 0
8010 0
8011 0
8012 0
8013 0
8014 0
8015 0
8016 0
8017 0
8018 0
8019 0
8020 0
8021 0
8022 0
8023 0
8024 0
8025 0
8026 0
8027 0
8028 0
8029 0
8030 0
8031 0
8032 0
8033 0
8034 0
8035 0
8036 0
8037 0
8038 0
8039 0
8040 0
8041 0
8042 0
8043 0
8044 0
8045 0
8046 0
8047 0
8048 0
8049 0
8050 0
8051 0
8052 0
8053 0
8054 0
8055 0
8056 0
8057 0
8058 0
8059 0
8060 0
8061 0
8062 0
8063 0
8064 0
8065 0
8066 0
8067 0
8068 0
8069 0
8070 0
8071 0
8072 0
8073 0
8074 0
8075 0
8076 0
8077 0
8078 0
8079 0
8080 0
8081 0
8082 0
8083 0
8084 0
8085 0
8086 0
8087 0
8088 0
8089 0
8090 0
8091 0
8092 0
8093 0
8094 0
8095 0
8096 0
8097 0
8098 0
8099 0
8100 0
8101 0
8102 0
8103 0
8104 0
8105 0
8106 0
8107 0
8108 0
8109 0
8110 0
8111 0
8112 0
8113 0
8114 0
8115 0
8116 0
8117 0
8118 0
8119 0
8120 0
8121 0
8122 0
8123 0
8124 0
8125 0
8126 0
8127 0
8128 0
8129 0
8130 0
8131 0
8132 0
8133 0
8134 0
8135 0
8136 0
8137 0
8138 0
8139 0
8140 0
8141 0
8142 0
8143 0
8144 0
8145 0
8146 0
8147 0
8148 0
8149 0
8150 0
8151 0
8152 0
8153 0
8154 0
8155 0
8156 0
8157 0
8158 0
8159 0
8160 0
8161 0
8162 0
8163 0
8164 0
8165 0
8166 0
8167 0
8168 0
8169 0
8170 0
8171 0
8172 0
8173 0
8174 0
8175 0
8176 0
8177 0
8178 0
8179 0
8180 0
8181 0
8182 0
8183 0
8184 0
8185 0
8186 0
8187 0
8188 0
8189 0
8190 0
8191 0
8192 0
8193 0
8194 0
8195 0
8196 0
8197 0
8198 0
8199 0
8200 0
8201 0
8202 0
8203 0
8204 0
8205 0
8206 0
8207 0
8208 0
8209 0
8210 0
8211 0
8212 0
8213 0
8214 0
8215 0
8216 0
8217 0
8218 0
8219 0
8220 0
8221 0
8222 0
8223 0
8224 0
8225 0
8226 0
8227 0
8228 0
8229 0
8230 0
8231 0
8232 0
8233 0
8234 0
8235 0
8236 0
8237 0
8238 0
8239 0
8240 0
8241 0
8242 0
8243 0
8244 0
8245 0
8246 0
8247 0
8248 0
8249 0
8250 0
8251 0
8252 0
8253 0
8254 0
8255 0
8256 0
8257 0
8258 0
8259 0
8260 0
8261 0
8262 0
8263 0
8264 0
8265 0
8266 0
8267 0
8268 0
8269 0
8270 0
8271 0
8272 0
8273 0
8274 0
8275 0
8276 0
8277 0
8278 0
8279 0
8280 0
8281 0
8282 0
8283 0
8284 0
8285 0
8286 0
8287 0
8288 0
8289 0
8290 0
8291 0
8292 0
8293 0
8294 0
8295 0
8296 0
8297 0
8298 0
8299 0
8300 0
8301 0
8302 0
8303 0
8304 0
8305 0
8306 0
8307 0
8308 0
8309 0
8310 0
8311 0
8312 0
8313 0
8314 0
8315 0
8316 0
8317 0
8318 0
8319 0
8320 0
8321 0
8322 0
8323 0
8324 0
8325 0
8326 0
8327 0
8328 0
8329 0
8330 0
8331 0
8332 0
8333 0
8334 0
8335 0
8336 0
8337 0
8338 0
8339 0
8340 0
8341 0
8342 0
8343 0
8344 0
8345 0
8346 0
8347 0
8348 0
8349 0
8350 0
8351 0
8352 0
8353 0
8354 0
8355 0
8356 0
8357 0
8358 0
8359 0
8360 0
8361 0
8362 0
8363 0
8364 0
8365 0
8366 0
8367 0
8368 0
8369 0
8370 0
8371 0
8372 0
8373 0
8374 0
8375 0
8376 0
8377 0
8378 0
8379 0
8380 0
8381 0
8382 0
8383 0
8384 0
8385 0
8386 0
8387 0
8388 0
8389 0
8390 0
8391 0
8392 0
8393 0
8394 0
8395 0
8396 0
8397 0
8398 0
8399 0
8400 0
8401 0
8402 0
8403 0
8404 0
8405 0
8406 0
8407 0
8408 0
8409 0
8410 0
8411 0
8412 0
8413 0
8414 0
8415 0
8416 0
8417 0
8418 0
8419 0
8420 0
8421 0
8422 0
8423 0
8424 0
8425 0
8426 0
8427 0
8428 0
8429 0
8430 0
8431 0
8432 0
8433 0
8434 0
8435 0
8436 0
8437 0
8438 0
8439 0
8440 0
8441 0
8442 0
8443 0
8444 0
8445 0
8446 0
8447 0
8448 0
8449 0
8450 0
8451 0
8452 0
8453 0
8454 0
8455 0
8456 0
8457 0
8458 0
8459 0
8460 0
8461 0
8462 0
8463 0
8464 0
8465 0
8466 0
8467 0
8468 0
8469 0
8470 0
8471 0
8472 0
8473 0
8474 0
8475 0
8476 0
8477 0
8478 0
8479 0
8480 0
8481 0
8482 0
8483 0
8484 0
8485 0
8486 0
8487 0
8488 0
8489 0
8490 0
8491 0
8492 0
8493 0
8494 0
8495 0
8496 0
8497 0
8498 0
8499 0
8500 0
8501 0
8502 0
8503 0
8504 0
8505 0
8506 0
8507 0
8508 0
8509 0
8510 0
8511 0
8512 0
8513 0
8514 0
8515 0
8516 0
8517 0
8518 0
8519 0
8520 0
8521 0
8522 0
8523 0
8524 0
8525 0
8526 0
8527 0
8528 0
8529 0
8530 0
8531 0
8532 0
8533 0
8534 0
8535 0
8536 0
8537 0
8538 0
8539 0
8540 0
8541 0
8542 0
8543 0
8544 0
8545 0
8546 0
8547 0
8548 0
8549 0
8550 0
8551 0
8552 0
8553 0
8554 0
8555 0
8556 0
8557 0
8558 0
8559 0
8560 0
8561 0
8562 0
8563 0
8564 0
8565 0
8566 0
8567 0
8568 0
8569 0
8570 0
8571 0
8572 0
8573 0
8574 0
8575 0
8576 0
8577 0
8578 0
8579 0
8580 0
8581 0
8582 0
8583 0
8584 0
8585 0
8586 0
8587 0
8588 0
8589 0
8590 0
8591 0
8592 0
8593 0
8594 0
8595 0
8596 0
8597 0
8598 0
8599 0
8600 0
8601 0
8602 0
8603 0
8604 0
8605 0
8606 0
8607 0
8608 0
8609 0
8610 0
8611 0
8612 0
8613 0
8614 0
8615 0
8616 0
8617 0
8618 0
8619 0
8620 0
8621 0
8622 0
8623 0
8624 0
8625 0
8626 0
8627 0
8628 0
8629 0
8630 0
8631 0
8632 0
8633 0
8634 0
8635 0
8636 0
8637 0
8638 0
8639 0
8640 0
8641 0
8642 0
8643 0
8644 0
8645 0
8646 0
8647 0
8648 0
8649 0
8650 0
8651 0
8652 0
8653 0
8654 0
8655 0
8656 0
8657 0
8658 0
8659 0
8660 0
8661 0
8662 0
8663 0
8664 0
8665 0
8666 0
8667 0
8668 0
8669 0
8670 0
8671 0
8672 0
8673 0
8674 0
8675 0
8676 0
8677 0
8678 0
8679 0
8680 0
8681 0
8682 0
8683 0
8684 0
8685 0
8686 0
8687 0
8688 0
8689 0
8690 0
8691 0
8692 0
8693 0
8694 0
8695 0
8696 0
8697 0
8698 0
8699 0
8700 0
8701 0
8702 0
8703 0
8704 0
8705 0
8706 0
8707 0
8708 0
8709 0
8710 0
8711 0
8712 0
8713 0
8714 0
8715 0
8716 0
8717 0
8718 0
8719 0
8720 0
8721 0
8722 0
8723 0
8724 0
8725 0
8726 0
8727 0
8728 0
8729 0
8730 0
8731 0
8732 0
8733 0
8734 0
8735 0
8736 0
8737 0
8738 0
8739 0
8740 0
8741 0
8742 0
8743 0
8744 0
8745 0
8746 0
8747 0
8748 0
8749 0
8750 0
8751 0
8752 0
8753 0
8754 0
8755 0
8756 0
8757 0
8758 0
8759 0
8760 0
8761 0
8762 0
8763 0
8764 0
8765 0
8766 0
8767 0
8768 0
8769 0
8770 0
8771 0
8772 0
8773 0
8774 0
8775 0
8776 0
8777 0
8778 0
8779 0
8780 0
8781 0
8782 0
8783 0
8784 0
8785 0
8786 0
8787 0
8788 0
8789 0
8790 0
8791 0
8792 0
8793 0
8794 0
8795 0
8796 0
8797 0
8798 0
8799 0
8800 0
8801 0
8802 0
8803 0
8804 0
8805 0
8806 0
8807 0
8808 0
8809 0
8810 0
8811 0
8812 0
8813 0
8814 0
8815 0
8816 0
8817 0
8818 0
8819 0
8820 0
8821 0
8822 0
8823 0
8824 0
8825 0
8826 0
8827 0
8828 0
8829 0
8830 0
8831 0
8832 0
8833 0
8834 0
8835 0
8836 0
8837 0
8838 0
8839 0
8840 0
8841 0
8842 0
8843 0
8844 0
8845 0
8846 0
8847 0
8848 0
8849 0
8850 0
8851 0
8852 0
8853 0
8854 0
8855 0
8856 0
8857 0
8858 0
8859 0
8860 0
8861 0
8862 0
8863 0
8864 0
8865 0
8866 0
8867 0
8868 0
8869 0
8870 0
8871 0
8872 0
8873 0
8874 0
8875 0
8876 0
8877 0
8878 0
8879 0
8880 0
8881 0
8882 0
8883 0
8884 0
8885 0
8886 0
8887 0
8888 0
8889 0
8890 0
8891 0
8892 0
8893 0
8894 0
8895 0
8896 0
8897 0
8898 0
8899 0
8900 0
8901 0
8902 0
8903 0
8904 0
8905 0
8906 0
8907 0
8908 0
8909 0
8910 0
8911 0
8912 0
8913 0
8914 0
8915 0
8916 0
8917 0
8918 0
8919 0
8920 0
8921 0
8922 0
8923 0
8924 0
8925 0
8926 0
8927 0
8928 0
8929 0
8930 0
8931 0
8932 0
8933 0
8934 0
8935 0
8936 0
8937 0
8938 0
8939 0
8940 0
8941 0
8942 0
8943 0
8944 0
8945 0
8946 0
8947 0
8948 0
8949 0
8950 0
8951 0
8952 0
8953 0
8954 0
8955 0
8956 0
8957 0
8958 0
8959 0
8960 0
8961 0
8962 0
8963 0
8964 0
8965 0
8966 0
8967 0
8968 0
8969 0
8970 0
8971 0
8972 0
8973 0
8974 0
8975 0
8976 0
8977 0
8978 0
8979 0
8980 0
8981 0
8982 0
8983 0
8984 0
8985 0
8986 0
8987 0
8988 0
8989 0
8990 0
8991 0
8992 0
8993 0
8994 0
8995 0
8996 0
8997 0
8998 0
8999 0
9000 0
9001 0
9002 0
9003 0
9004 0
9005 0
9006 0
9007 0
9008 0
9009 0
9010 0
9011 0
9012 0
9013 0
9014 0
9015 0
9016 0
9017 0
9018 0
9019 0
9020 0
9021 0
9022 0
9023 0
9024 0
9025 0
9026 0
9027 0
9028 0
9029 0
9030 0
9031 0
9032 0
9033 0
9034 0
9035 0
9036 0
9037 0
9038 0
9039 0
9040 0
9041 0
9042 0
9043 0
9044 0
9045 0
9046 0
9047 0
9048 0
9049 0
9050 0
9051 0
9052 0
9053 0
9054 0
9055 0
9056 0
9057 0
9058 0
9059 0
9060 0
9061 0
9062 0
9063 0
9064 0
9065 0
9066 0
9067 0
9068 0
9069 0
9070 0
9071 0
9072 0
9073 0
9074 0
9075 0
9076 0
9077 0
9078 0
9079 0
9080 0
9081 0
9082 0
9083 0
9084 0
9085 0
9086 0
9087 0
9088 0
9089 0
9090 0
9091 0
9092 0
9093 0
9094 0
9095 0
9096 0
9097 0
9098 0
9099 0
9100 0
9101 0
9102 0
9103 0
9104 0
9105 0
9106 0
9107 0
9108 0
9109 0
9110 0
9111 0
9112 0
9113 0
9114 0
9115 0
9116 0
9117 0
9118 0
9119 0
9120 0
9121 0
9122 0
9123 0
9124 0
9125 0
9126 0
9127 0
9128 0
9129 0
9130 0
9131 0
9132 0
9133 0
9134 0
9135 0
9136 0
9137 0
9138 0
9139 0
9140 0
9141 0
9142 0
9143 0
9144 0
9145 0
9146 0
9147 0
9148 0
9149 0
9150 0
9151 0
9152 0
9153 0
9154 0
9155 0
9156 0
9157 0
9158 0
9159 0
9160 0
9161 0
9162 0
9163 0
9164 0
9165 0
9166 0
9167 0
9168 0
9169 0
9170 0
9171 0
9172 0
9173 0
9174 0
9175 0
9176 0
9177 0
9178 0
9179 0
9180 0
9181 0
9182 0
9183 0
9184 0
9185 0
9186 0
9187 0
9188 0
9189 0
9190 0
9191 0
9192 0
9193 0
9194 0
9195 0
9196 0
9197 0
9198 0
9199 0
9200 0
9201 0
9202 0
9203 0
9204 0
9205 0
9206 0
9207 0
9208 0
9209 0
9210 0
9211 0
9212 0
9213 0
9214 0
9215 0
9216 0
9217 0
9218 0
9219 0
9220 0
9221 0
9222 0
9223 0
9224 0
9225 0
9226 0
9227 0
9228 0
9229 0
9230 0
9231 0
9232 0
9233 0
9234 0
9235 0
9236 0
9237 0
9238 0
9239 0
9240 0
9241 0
9242 0
9243 0
9244 0
9245 0
9246 0
9247 0
9248 0
9249 0
9250 0
9251 0
9252 0
9253 0
9254 0
9255 0
9256 0
9257 0
9258 0
9259 0
9260 0
9261 0
9262 0
9263 0
9264 0
9265 0
9266 0
9267 0
9268 0
9269 0
9270 0
9271 0
9272 0
9273 0
9274 0
9275 0
9276 0
9277 0
9278 0
9279 0
9280 0
9281 0
9282 0
9283 0
9284 0
9285 0
9286 0
9287 0
9288 0
9289 0
9290 0
9291 0
9292 0
9293 0
9294 0
9295 0
9296 0
9297 0
9298 0
9299 0
9300 0
9301 0
9302 0
9303 0
9304 0
9305 0
9306 0
9307 0
9308 0
9309 0
9310 0
9311 0
9312 0
9313 0
9314 0
9315 0
9316 0
9317 0
9318 0
9319 0
9320 0
9321 0
9322 0
9323 0
9324 0
9325 0
9326 0
9327 0
9328 0
9329 0
9330 0
9331 0
9332 0
9333 0
9334 0
9335 0
9336 0
9337 0
9338 0
9339 0
9340 0
9341 0
9342 0
9343 0
9344 0
9345 0
9346 0
9347 0
9348 0
9349 0
9350 0
9351 0
9352 0
9353 0
9354 0
9355 0
9356 0
9357 0
9358 0
9359 0
9360 0
9361 0
9362 0
9363 0
9364 0
9365 0
9366 0
9367 0
9368 0
9369 0
9370 0
9371 0
9372 0
9373 0
9374 0
9375 0
9376 0
9377 0
9378 0
9379 0
9380 0
9381 0
9382 0
9383 0
9384 0
9385 0
9386 0
9387 0
9388 0
9389 0
9390 0
9391 0
9392 0
9393 0
9394 0
9395 0
9396 0
9397 0
9398 0
9399 0
9400 0
9401 0
9402 0
9403 0
9404 0
9405 0
9406 0
9407 0
9408 0
9409 0
9410 0
9411 0
9412 0
9413 0
9414 0
9415 0
9416 0
9417 0
9418 0
9419 0
9420 0
9421 0
9422 0
9423 0
9424 0
9425 0
9426 0
9427 0
9428 0
9429 0
9430 0
9431 0
9432 0
9433 0
9434 0
9435 0
9436 0
9437 0
9438 0
9439 0
9440 0
9441 0
9442 0
9443 0
9444 0
9445 0
9446 0
9447 0
9448 0
9449 0
9450 0
9451 0
9452 0
9453 0
9454 0
9455 0
9456 0
9457 0
9458 0
9459 0
9460 0
9461 0
9462 0
9463 0
9464 0
9465 0
9466 0
9467 0
9468 0
9469 0
9470 0
9471 0
9472 0
9473 0
9474 0
9475 0
9476 0
9477 0
9478 0
9479 0
9480 0
9481 0
9482 0
9483 0
9484 0
9485 0
9486 0
9487 0
9488 0
9489 0
9490 0
9491 0
9492 0
9493 0
9494 0
9495 0
9496 0
9497 0
9498 0
9499 0
9500 0
9501 0
9502 0
9503 0
9504 0
9505 0
9506 0
9507 0
9508 0
9509 0
9510 0
9511 0
9512 0
9513 0
9514 0
9515 0
9516 0
9517 0
9518 0
9519 0
9520 0
9521 0
9522 0
9523 0
9524 0
9525 0
9526 0
9527 0
9528 0
9529 0
9530 0
9531 0
9532 0
9533 0
9534 0
9535 0
9536 0
9537 0
9538 0
9539 0
9540 0
9541 0
9542 0
9543 0
9544 0
9545 0
9546 0
9547 0
9548 0
9549 0
9550 0
9551 0
9552 0
9553 0
9554 0
9555 0
9556 0
9557 0
9558 0
9559 0
9560 0
9561 0
9562 0
9563 0
9564 0
9565 0
9566 0
9567 0
9568 0
9569 0
9570 0
9571 0
9572 0
9573 0
9574 0
9575 0
9576 0
9577 0
9578 0
9579 0
9580 0
9581 0
9582 0
9583 0
9584 0
9585 0
9586 0
9587 0
9588 0
9589 0
9590 0
9591 0
9592 0
9593 0
9594 0
9595 0
9596 0
9597 0
9598 0
9599 0
9600 0
9601 0
9602 0
9603 0
9604 0
9605 0
9606 0
9607 0
9608 0
9609 0
9610 0
9611 0
9612 0
9613 0
9614 0
9615 0
9616 0
9617 0
9618 0
9619 0
9620 0
9621 0
9622 0
9623 0
9624 0
9625 0
9626 0
9627 0
9628 0
9629 0
9630 0
9631 0
9632 0
9633 0
9634 0
9635 0
9636 0
9637 0
9638 0
9639 0
9640 0
9641 0
9642 0
9643 0
9644 0
9645 0
9646 0
9647 0
9648 0
9649 0
9650 0
9651 0
9652 0
9653 0
9654 0
9655 0
9656 0
9657 0
9658 0
9659 0
9660 0
9661 0
9662 0
9663 0
9664 0
9665 0
9666 0
9667 0
9668 0
9669 0
9670 0
9671 0
9672 0
9673 0
9674 0
9675 0
9676 0
9677 0
9678 0
9679 0
9680 0
9681 0
9682 0
9683 0
9684 0
9685 0
9686 0
9687 0
9688 0
9689 0
9690 0
9691 0
9692 0
9693 0
9694 0
9695 0
9696 0
9697 0
9698 0
9699 0
9700 0
9701 0
9702 0
9703 0
9704 0
9705 0
9706 0
9707 0
9708 0
9709 0
9710 0
9711 0
9712 0
9713 0
9714 0
9715 0
9716 0
9717 0
9718 0
9719 0
9720 0
9721 0
9722 0
9723 0
9724 0
9725 0
9726 0
9727 0
9728 0
9729 0
9730 0
9731 0
9732 0
9733 0
9734 0
9735 0
9736 0
9737 0
9738 0
9739 0
9740 0
9741 0
9742 0
9743 0
9744 0
9745 0
9746 0
9747 0
9748 0
9749 0
9750 0
9751 0
9752 0
9753 0
9754 0
9755 0
9756 0
9757 0
9758 0
9759 0
9760 0
9761 0
9762 0
9763 0
9764 0
9765 0
9766 0
9767 0
9768 0
9769 0
9770 0
9771 0
9772 0
9773 0
9774 0
9775 0
9776 0
9777 0
9778 0
9779 0
9780 0
9781 0
9782 0
9783 0
9784 0
9785 0
9786 0
9787 0
9788 0
9789 0
9790 0
9791 0
9792 0
9793 0
9794 0
9795 0
9796 0
9797 0
9798 0
9799 0
9800 0
9801 0
9802 0
9803 0
9804 0
9805 0
9806 0
9807 0
9808 0
9809 0
9810 0
9811 0
9812 0
9813 0
9814 0
9815 0
9816 0
9817 0
9818 0
9819 0
9820 0
9821 0
9822 0
9823 0
9824 0
9825 0
9826 0
9827 0
9828 0
9829 0
9830 0
9831 0
9832 0
9833 0
9834 0
9835 0
9836 0
9837 0
9838 0
9839 0
9840 0
9841 0
9842 0
9843 0
9844 0
9845 0
9846 0
9847 0
9848 0
9849 0
9850 0
9851 0
9852 0
9853 0
9854 0
9855 0
9856 0
9857 0
9858 0
9859 0
9860 0
9861 0
9862 0
9863 0
9864 0
9865 0
9866 0
9867 0
9868 0
9869 0
9870 0
9871 0
9872 0
9873 0
9874 0
9875 0
9876 0
9877 0
9878 0
9879 0
9880 0
9881 0
9882 0
9883 0
9884 0
9885 0
9886 0
9887 0
9888 0
9889 0
9890 0
9891 0
9892 0
9893 0
9894 0
9895 0
9896 0
9897 0
9898 0
9899 0
9900 0
9901 0
9902 0
9903 0
9904 0
9905 0
9906 0
9907 0
9908 0
9909 0
9910 0
9911 0
9912 0
9913 0
9914 0
9915 0
9916 0
9917 0
9918 0
9919 0
9920 0
9921 0
9922 0
9923 0
9924 0
9925 0
9926 0
9927 0
9928 0
9929 0
9930 0
9931 0
9932 0
9933 0
9934 0
9935 0
9936 0
9937 0
9938 0
9939 0
9940 0
9941 0
9942 0
9943 0
9944 0
9945 0
9946 0
9947 0
9948 0
9949 0
9950 0
9951 0
9952 0
9953 0
9954 0
9955 0
9956 0
9957 0
9958 0
9959 0
9960 0
9961 0
9962 0
9963 0
9964 0
9965 0
9966 0
9967 0
9968 0
9969 0
9970 0
9971 0
9972 0
9973 0
9974 0
9975 0
9976 0
9977 0
9978 0
9979 0
9980 0
9981 0
9982 0
9983 0
9984 0
9985 0
9986 0
9987 0
9988 0
9989 0
9990 0
9991 0
9992 0
9993 0
9994 0
9995 0
9996 0
9997 0
9998 0
9999 0
10000 0
