1 -0.00980999
2 -0.01962
3 -0.0294299
4 -0.0392398
5 -0.0490496
6 -0.0588592
7 -0.0686688
8 -0.0784782
9 -0.0882873
10 -0.0980963
11 -0.107905
12 -0.117713
13 -0.127522
14 -0.13733
15 -0.147137
16 -0.156944
17 -0.166751
18 -0.176557
19 -0.186363
20 -0.196169
21 -0.205974
22 -0.215778
23 -0.225582
24 -0.235385
25 -0.245188
26 -0.25499
27 -0.264791
28 -0.274592
29 -0.284392
30 -0.294192
31 -0.30399
32 -0.313788
33 -0.323585
34 -0.333382
35 -0.343177
36 -0.352971
37 -0.362765
38 -0.372558
39 -0.38235
40 -0.39214
41 -0.40193
42 -0.411719
43 -0.421507
44 -0.431293
45 -0.441079
46 -0.450863
47 -0.460647
48 -0.470429
49 -0.48021
50 -0.48999
51 -0.499768
52 -0.509545
53 -0.519321
54 -0.529096
55 -0.538869
56 -0.548641
57 -0.558411
58 -0.56818
59 -0.577948
60 -0.587714
61 -0.597479
62 -0.607242
63 -0.617004
64 -0.626764
65 -0.636522
66 -0.646279
67 -0.656034
68 -0.665787
69 -0.675539
70 -0.685289
71 -0.695038
72 -0.704784
73 -0.714529
74 -0.724272
75 -0.734013
76 -0.743753
77 -0.75349
78 -0.763225
79 -0.772959
80 -0.782691
81 -0.79242
82 -0.802148
83 -0.811873
84 -0.821597
85 -0.831318
86 -0.841037
87 -0.850755
88 -0.86047
89 -0.870182
90 -0.879893
91 -0.889601
92 -0.899307
93 -0.909011
94 -0.918713
95 -0.928412
96 -0.938109
97 -0.947803
98 -0.957495
99 -0.967185
100 -0.976872
101 -0.986557
102 -0.996239
103 -1.00592
104 -1.0156
105 -1.02527
106 -1.03494
107 -1.04461
108 -1.05428
109 -1.06394
110 -1.0736
111 -1.08326
112 -1.09292
113 -1.10257
114 -1.11222
115 -1.12187
116 -1.13152
117 -1.14116
118 -1.1508
119 -1.16043
120 -1.17007
121 -1.1797
122 -1.18932
123 -1.19895
124 -1.20857
125 -1.21819
126 -1.2278
127 -1.23741
128 -1.24702
129 -1.25663
130 -1.26623
131 -1.27583
132 -1.28543
133 -1.29502
134 -1.30461
135 -1.3142
136 -1.32378
137 -1.33336
138 -1.34294
139 -1.35251
140 -1.36208
141 -1.37165
142 -1.38121
143 -1.39077
144 -1.40033
145 -1.40988
146 -1.41943
147 -1.42897
148 -1.43852
149 -1.44805
150 -1.45759
151 -1.46712
152 -1.47665
153 -1.48617
154 -1.49569
155 -1.50521
156 -1.51472
157 -1.52423
158 -1.53373
159 -1.54324
160 -1.55273
161 -1.56223
162 -1.57172
163 -1.5812
164 -1.59068
165 -1.60016
166 -1.60964
167 -1.61911
168 -1.62857
169 -1.63803
170 -1.64749
171 -1.65694
172 -1.66639
173 -1.67584
174 -1.68528
175 -1.69472
176 -1.70415
177 -1.71358
178 -1.72301
179 -1.73243
180 -1.74184
181 -1.75125
182 -1.76066
183 -1.77006
184 -1.77946
185 -1.78886
186 -1.79825
187 -1.80763
188 -1.81701
189 -1.82639
190 -1.83576
191 -1.84513
192 -1.85449
193 -1.86385
194 -1.87321
195 -1.88256
196 -1.8919
197 -1.90124
198 -1.91058
199 -1.91991
200 -1.92923
201 -1.93855
202 -1.94787
203 -1.95718
204 -1.96649
205 -1.97579
206 -1.98509
207 -1.99438
208 -2.00367
209 -2.01295
210 -2.02223
211 -2.03151
212 -2.04077
213 -2.05004
214 -2.0593
215 -2.06855
216 -2.0778
217 -2.08704
218 -2.09628
219 -2.10551
220 -2.11474
221 -2.12396
222 -2.13318
223 -2.14239
224 -2.1516
225 -2.1608
226 -2.17
227 -2.17919
228 -2.18838
229 -2.19756
230 -2.20674
231 -2.21591
232 -2.22507
233 -2.23423
234 -2.24339
235 -2.25254
236 -2.26168
237 -2.27082
238 -2.27995
239 -2.28908
240 -2.2982
241 -2.30732
242 -2.31643
243 -2.32554
244 -2.33464
245 -2.34373
246 -2.35282
247 -2.36191
248 -2.37098
249 -2.38006
250 -2.38912
251 -2.39818
252 -2.40724
253 -2.41629
254 -2.42533
255 -2.43437
256 -2.4434
257 -2.45243
258 -2.46145
259 -2.47046
260 -2.47947
261 -2.48848
262 -2.49747
263 -2.50646
264 -2.51545
265 -2.52443
266 -2.5334
267 -2.54237
268 -2.55133
269 -2.56029
270 -2.56924
271 -2.57818
272 -2.58712
273 -2.59605
274 -2.60498
275 -2.61389
276 -2.62281
277 -2.63171
278 -2.64062
279 -2.64951
280 -2.6584
281 -2.66728
282 -2.67616
283 -2.68503
284 -2.69389
285 -2.70275
286 -2.7116
287 -2.72045
288 -2.72928
289 -2.73812
290 -2.74694
291 -2.75576
292 -2.76458
293 -2.77338
294 -2.78218
295 -2.79098
296 -2.79976
297 -2.80855
298 -2.81732
299 -2.82609
300 -2.83485
301 -2.84361
302 -2.85235
303 -2.8611
304 -2.86983
305 -2.87856
306 -2.88728
307 -2.896
308 -2.90471
309 -2.91341
310 -2.92211
311 -2.9308
312 -2.93948
313 -2.94815
314 -2.95682
315 -2.96549
316 -2.97414
317 -2.98279
318 -2.99143
319 -3.00007
320 -3.0087
321 -3.01732
322 -3.02593
323 -3.03454
324 3.04314
325 3.03212
326 3.0211
327 3.01009
328 2.9991
329 2.9881
330 2.97712
331 2.96615
332 2.95518
333 2.94423
334 2.93328
335 2.92234
336 2.91141
337 2.90049
338 2.88957
339 2.87867
340 2.86777
341 2.85688
342 2.846
343 2.83513
344 2.82426
345 2.81341
346 2.80256
347 2.79172
348 2.78088
349 2.77006
350 2.75924
351 2.74843
352 2.73763
353 2.72684
354 2.71605
355 2.70527
356 2.6945
357 2.68374
358 2.67298
359 2.66224
360 2.6515
361 2.64076
362 2.63004
363 2.61932
364 2.60861
365 2.59791
366 2.58721
367 2.57652
368 2.56584
369 2.55517
370 2.5445
371 2.53384
372 2.52319
373 2.51254
374 2.5
375 2.48937
376 2.47875
377 2.46813
378 2.45752
379 2.44692
380 2.43632
381 2.42573
382 2.41515
383 2.40458
384 2.39401
385 2.38344
386 2.37289
387 2.36234
388 2.3518
389 2.34126
390 2.33073
391 2.32021
392 2.30969
393 2.29918
394 2.28868
395 2.27818
396 2.26769
397 2.2572
398 2.24673
399 2.23625
400 2.22579
401 2.21533
402 2.20487
403 2.19442
404 2.18398
405 2.17355
406 2.16312
407 2.15269
408 2.14227
409 2.13186
410 2.12146
411 2.11105
412 2.10066
413 2.09027
414 2.07989
415 2.06951
416 2.05914
417 2.04877
418 2.03841
419 2.02805
420 2.0177
421 2.00736
422 1.99702
423 1.98669
424 1.97636
425 1.96604
426 1.95572
427 1.94541
428 1.9351
429 1.9248
430 1.9145
431 1.90421
432 1.89393
433 1.88365
434 1.87337
435 1.8631
436 1.85283
437 1.84257
438 1.83232
439 1.82207
440 1.81182
441 1.80158
442 1.79134
443 1.78111
444 1.77089
445 1.76067
446 1.75045
447 1.74024
448 1.73003
449 1.71983
450 1.70963
451 1.69943
452 1.68925
453 1.67906
454 1.66888
455 1.65871
456 1.64853
457 1.63837
458 1.62821
459 1.61805
460 1.60789
461 1.59774
462 1.5876
463 1.57746
464 1.56732
465 1.55719
466 1.54706
467 1.53694
468 1.52682
469 1.5167
470 1.50659
471 1.49648
472 1.48638
473 1.47628
474 1.46618
475 1.45609
476 1.446
477 1.43592
478 1.42584
479 1.41576
480 1.40569
481 1.39562
482 1.38555
483 1.37549
484 1.36543
485 1.35538
486 1.34533
487 1.33528
488 1.32523
489 1.31519
490 1.30516
491 1.29512
492 1.28509
493 1.27507
494 1.26504
495 1.25502
496 1.24501
497 1.23499
498 1.22498
499 1.21498
500 1.20497
501 1.19497
502 1.18497
503 1.17498
504 1.16499
505 1.155
506 1.14501
507 1.13503
508 1.12505
509 1.11508
510 1.1051
511 1.09513
512 1.08517
513 1.0752
514 1.06524
515 1.05528
516 1.04533
517 1.03537
518 1.02542
519 1.01547
520 1.00553
521 0.995585
522 0.985645
523 0.975708
524 0.965773
525 0.95584
526 0.94591
527 0.935983
528 0.926058
529 0.916136
530 0.906215
531 0.896298
532 0.886382
533 0.876469
534 0.866558
535 0.85665
536 0.846743
537 0.836839
538 0.826937
539 0.817038
540 0.80714
541 0.797245
542 0.787351
543 0.77746
544 0.76757
545 0.757683
546 0.747798
547 0.737914
548 0.728033
549 0.718153
550 0.708276
551 0.6984
552 0.688526
553 0.678654
554 0.668783
555 0.658915
556 0.649048
557 0.639182
558 0.629319
559 0.619457
560 0.609596
561 0.599738
562 0.58988
563 0.580025
564 0.570171
565 0.560318
566 0.550467
567 0.540617
568 0.530769
569 0.520922
570 0.511076
571 0.501232
572 0.491389
573 0.481547
574 0.471707
575 0.461868
576 0.45203
577 0.442193
578 0.432357
579 0.422523
580 0.412689
581 0.402857
582 0.393025
583 0.383195
584 0.373366
585 0.363538
586 0.35371
587 0.343884
588 0.334058
589 0.324234
590 0.31441
591 0.304587
592 0.294765
593 0.284943
594 0.275123
595 0.265303
596 0.255484
597 0.245665
598 0.235847
599 0.22603
600 0.216213
601 0.206397
602 0.196582
603 0.186766
604 0.176952
605 0.167138
606 0.157324
607 0.147511
608 0.137698
609 0.127886
610 0.118073
611 0.108262
612 0.0984501
613 0.0886388
614 0.0788278
615 0.069017
616 0.0592064
617 0.0493959
618 0.0395856
619 0.0297754
620 0.0199653
621 0.0101553
622 0.000345251
623 -0.00946474
624 -0.0192747
625 -0.0290847
626 -0.0388945
627 -0.0487043
628 -0.058514
629 -0.0683235
630 -0.0781329
631 -0.0879421
632 -0.0977511
633 -0.10756
634 -0.117368
635 -0.127176
636 -0.136984
637 -0.146792
638 -0.156599
639 -0.166406
640 -0.176212
641 -0.186018
642 -0.195824
643 -0.205628
644 -0.215433
645 -0.225237
646 -0.23504
647 -0.244843
648 -0.254645
649 -0.264446
650 -0.274247
651 -0.284047
652 -0.293847
653 -0.303645
654 -0.313443
655 -0.32324
656 -0.333037
657 -0.342832
658 -0.352627
659 -0.36242
660 -0.372213
661 -0.382005
662 -0.391796
663 -0.401586
664 -0.411374
665 -0.421162
666 -0.430949
667 -0.440735
668 -0.450519
669 -0.460302
670 -0.470085
671 -0.479866
672 -0.489645
673 -0.499424
674 -0.509201
675 -0.518977
676 -0.528752
677 -0.538525
678 -0.548297
679 -0.558067
680 -0.567837
681 -0.577604
682 -0.58737
683 -0.597135
684 -0.606898
685 -0.61666
686 -0.62642
687 -0.636179
688 -0.645935
689 -0.655691
690 -0.665444
691 -0.675196
692 -0.684946
693 -0.694695
694 -0.704441
695 -0.714186
696 -0.723929
697 -0.73367
698 -0.74341
699 -0.753147
700 -0.762883
701 -0.772616
702 -0.782348
703 -0.792078
704 -0.801805
705 -0.811531
706 -0.821255
707 -0.830976
708 -0.840695
709 -0.850413
710 -0.860128
711 -0.869841
712 -0.879551
713 -0.88926
714 -0.898966
715 -0.90867
716 -0.918371
717 -0.928071
718 -0.937768
719 -0.947462
720 -0.957154
721 -0.966844
722 -0.976531
723 -0.986216
724 -0.995899
725 -1.00558
726 -1.01526
727 -1.02493
728 -1.0346
729 -1.04427
730 -1.05394
731 -1.0636
732 -1.07326
733 -1.08292
734 -1.09258
735 -1.10223
736 -1.11188
737 -1.12153
738 -1.13118
739 -1.14082
740 -1.15046
741 -1.16009
742 -1.16973
743 -1.17936
744 -1.18898
745 -1.19861
746 -1.20823
747 -1.21785
748 -1.22746
749 -1.23708
750 -1.24669
751 -1.25629
752 -1.26589
753 -1.27549
754 -1.28509
755 -1.29468
756 -1.30427
757 -1.31386
758 -1.32344
759 -1.33302
760 -1.3426
761 -1.35217
762 -1.36174
763 -1.37131
764 -1.38087
765 -1.39043
766 -1.39999
767 -1.40954
768 -1.41909
769 -1.42864
770 -1.43818
771 -1.44772
772 -1.45725
773 -1.46678
774 -1.47631
775 -1.48584
776 -1.49536
777 -1.50487
778 -1.51439
779 -1.52389
780 -1.5334
781 -1.5429
782 -1.5524
783 -1.56189
784 -1.57138
785 -1.58087
786 -1.59035
787 -1.59983
788 -1.6093
789 -1.61877
790 -1.62824
791 -1.6377
792 -1.64716
793 -1.65661
794 -1.66606
795 -1.67551
796 -1.68495
797 -1.69439
798 -1.70382
799 -1.71325
800 -1.72267
801 -1.73209
802 -1.74151
803 -1.75092
804 -1.76033
805 -1.76973
806 -1.77913
807 -1.78853
808 -1.79792
809 -1.8073
810 -1.81668
811 -1.82606
812 -1.83543
813 -1.8448
814 -1.85416
815 -1.86352
816 -1.87288
817 -1.88223
818 -1.89157
819 -1.90091
820 -1.91025
821 -1.91958
822 -1.92891
823 -1.93823
824 -1.94754
825 -1.95686
826 -1.96616
827 -1.97547
828 -1.98476
829 -1.99406
830 -2.00334
831 -2.01263
832 -2.02191
833 -2.03118
834 -2.04045
835 -2.04971
836 -2.05897
837 -2.06822
838 -2.07747
839 -2.08672
840 -2.09595
841 -2.10519
842 -2.11442
843 -2.12364
844 -2.13286
845 -2.14207
846 -2.15128
847 -2.16048
848 -2.16968
849 -2.17887
850 -2.18806
851 -2.19724
852 -2.20642
853 -2.21559
854 -2.22475
855 -2.23391
856 -2.24307
857 -2.25222
858 -2.26136
859 -2.2705
860 -2.27963
861 -2.28876
862 -2.29788
863 -2.307
864 -2.31611
865 -2.32522
866 -2.33432
867 -2.34341
868 -2.3525
869 -2.36159
870 -2.37066
871 -2.37974
872 -2.3888
873 -2.39786
874 -2.40692
875 -2.41597
876 -2.42501
877 -2.43405
878 -2.44308
879 -2.45211
880 -2.46113
881 -2.47015
882 -2.47916
883 -2.48816
884 -2.49716
885 -2.50615
886 -2.51513
887 -2.52411
888 -2.53309
889 -2.54205
890 -2.55102
891 -2.55997
892 -2.56892
893 -2.57787
894 -2.5868
895 -2.59574
896 -2.60466
897 -2.61358
898 -2.62249
899 -2.6314
900 -2.6403
901 -2.6492
902 -2.65809
903 -2.66697
904 -2.67585
905 -2.68472
906 -2.69358
907 -2.70244
908 -2.71129
909 -2.72013
910 -2.72897
911 -2.73781
912 -2.74663
913 -2.75545
914 -2.76427
915 -2.77307
916 -2.78187
917 -2.79067
918 -2.79946
919 -2.80824
920 2.5
921 2.5
922 2.5
923 2.48937
924 2.47875
925 2.46813
926 2.45752
927 2.44692
928 2.43632
929 2.42573
930 2.41515
931 2.40458
932 2.39401
933 2.38344
934 2.37289
935 2.36234
936 2.3518
937 2.34126
938 2.33073
939 2.32021
940 2.30969
941 2.29918
942 2.28868
943 2.27818
944 2.26769
945 2.2572
946 2.24673
947 2.23625
948 2.22579
949 2.21533
950 2.20487
951 2.19442
952 2.18398
953 2.17355
954 2.16312
955 2.15269
956 2.14227
957 2.13186
958 2.12146
959 2.11105
960 2.10066
961 2.09027
962 2.07989
963 2.06951
964 2.05914
965 2.04877
966 2.03841
967 2.02805
968 2.0177
969 2.00736
970 1.99702
971 1.98669
972 1.97636
973 1.96604
974 1.95572
975 1.94541
976 1.9351
977 1.9248
978 1.9145
979 1.90421
980 1.89393
981 1.88365
982 1.87337
983 1.8631
984 1.85283
985 1.84257
986 1.83232
987 1.82207
988 1.81182
989 1.80158
990 1.79134
991 1.78111
992 1.77089
993 1.76067
994 1.75045
995 1.74024
996 1.73003
997 1.71983
998 1.70963
999 1.69943
1000 1.68925
1001 1.67906
1002 1.66888
1003 1.65871
1004 1.64853
1005 1.63837
1006 1.62821
1007 1.61805
1008 1.60789
1009 1.59774
1010 1.5876
1011 1.57746
1012 1.56732
1013 1.55719
1014 1.54706
1015 1.53694
1016 1.52682
1017 1.5167
1018 1.50659
1019 1.49648
1020 1.48638
1021 1.47628
1022 1.46618
1023 1.45609
1024 1.446
1025 1.43592
1026 1.42584
1027 1.41576
1028 1.40569
1029 1.39562
1030 1.38555
1031 1.37549
1032 1.36543
1033 1.35538
1034 1.34533
1035 1.33528
1036 1.32523
1037 1.31519
1038 1.30516
1039 1.29512
1040 1.28509
1041 1.27507
1042 1.26504
1043 1.25502
1044 1.24501
1045 1.23499
1046 1.22498
1047 1.21498
1048 1.20497
1049 1.19497
1050 1.18497
1051 1.17498
1052 1.16499
1053 1.155
1054 1.14501
1055 1.13503
1056 1.12505
1057 1.11508
1058 1.1051
1059 1.09513
1060 1.08517
1061 1.0752
1062 1.06524
1063 1.05528
1064 1.04533
1065 1.03537
1066 1.02542
1067 1.01547
1068 1.00553
1069 0.995585
1070 0.985645
1071 0.975708
1072 0.965773
1073 0.95584
1074 0.94591
1075 0.935983
1076 0.926058
1077 0.916136
1078 0.906215
1079 0.896298
1080 0.886382
1081 0.876469
1082 0.866558
1083 0.85665
1084 0.846743
1085 0.836839
1086 0.826937
1087 0.817038
1088 0.80714
1089 0.797245
1090 0.787351
1091 0.77746
1092 0.76757
1093 0.757683
1094 0.747798
1095 0.737914
1096 0.728033
1097 0.718153
1098 0.708276
1099 0.6984
1100 0.688526
1101 0.678654
1102 0.668783
1103 0.658915
1104 0.649048
1105 0.639182
1106 0.629319
1107 0.619457
1108 0.609596
1109 0.599738
1110 0.58988
1111 0.580025
1112 0.570171
1113 0.560318
1114 0.550467
1115 0.540617
1116 0.530769
1117 0.520922
1118 0.511076
1119 0.501232
1120 0.491389
1121 0.481547
1122 0.471707
1123 0.461868
1124 0.45203
1125 0.442193
1126 0.432357
1127 0.422523
1128 0.412689
1129 0.402857
1130 0.393025
1131 0.383195
1132 0.373366
1133 0.363538
1134 0.35371
1135 0.343884
1136 0.334058
1137 0.324234
1138 0.31441
1139 0.304587
1140 0.294765
1141 0.284943
1142 0.275123
1143 0.265303
1144 0.255484
1145 0.245665
1146 0.235847
1147 0.22603
1148 0.216213
1149 0.206397
1150 0.196582
1151 0.186766
1152 0.176952
1153 0.167138
1154 0.157324
1155 0.147511
1156 0.137698
1157 0.127886
1158 0.118073
1159 0.108262
1160 0.0984501
1161 0.0886388
1162 0.0788278
1163 0.069017
1164 0.0592064
1165 0.0493959
1166 0.0395856
1167 0.0297754
1168 0.0199653
1169 0.0101553
1170 0.000345251
1171 -0.00946474
1172 -0.0192747
1173 -0.0290847
1174 -0.0388945
1175 -0.0487043
1176 -0.058514
1177 -0.0683235
1178 -0.0781329
1179 -0.0879421
1180 -0.0977511
1181 -0.10756
1182 -0.117368
1183 -0.127176
1184 -0.136984
1185 -0.146792
1186 -0.156599
1187 -0.166406
1188 -0.176212
1189 -0.186018
1190 -0.195824
1191 -0.205628
1192 -0.215433
1193 -0.225237
1194 -0.23504
1195 -0.244843
1196 -0.254645
1197 -0.264446
1198 -0.274247
1199 -0.284047
1200 -0.293847
1201 -0.303645
1202 -0.313443
1203 -0.32324
1204 -0.333037
1205 -0.342832
1206 -0.352627
1207 -0.36242
1208 -0.372213
1209 -0.382005
1210 -0.391796
1211 -0.401586
1212 -0.411374
1213 -0.421162
1214 -0.430949
1215 -0.440735
1216 -0.450519
1217 -0.460302
1218 -0.470085
1219 -0.479866
1220 -0.489645
1221 -0.499424
1222 -0.509201
1223 -0.518977
1224 -0.528752
1225 -0.538525
1226 -0.548297
1227 -0.558067
1228 -0.567837
1229 -0.577604
1230 -0.58737
1231 -0.597135
1232 -0.606898
1233 -0.61666
1234 -0.62642
1235 -0.636179
1236 -0.645935
1237 -0.655691
1238 -0.665444
1239 -0.675196
1240 -0.684946
1241 -0.694695
1242 -0.704441
1243 -0.714186
1244 -0.723929
1245 -0.73367
1246 -0.74341
1247 -0.753147
1248 -0.762883
1249 -0.772616
1250 -0.782348
1251 -0.792078
1252 -0.801805
1253 -0.811531
1254 -0.821255
1255 -0.830976
1256 -0.840695
1257 -0.850413
1258 -0.860128
1259 -0.869841
1260 -0.879551
1261 -0.88926
1262 -0.898966
1263 -0.90867
1264 -0.918371
1265 -0.928071
1266 -0.937768
1267 -0.947462
1268 -0.957154
1269 -0.966844
1270 -0.976531
1271 -0.986216
1272 -0.995899
1273 -1.00558
1274 -1.01526
1275 -1.02493
1276 -1.0346
1277 -1.04427
1278 -1.05394
1279 -1.0636
1280 -1.07326
1281 -1.08292
1282 -1.09258
1283 -1.10223
1284 -1.11188
1285 -1.12153
1286 -1.13118
1287 -1.14082
1288 -1.15046
1289 -1.16009
1290 -1.16973
1291 -1.17936
1292 -1.18898
1293 -1.19861
1294 -1.20823
1295 -1.21785
1296 -1.22746
1297 -1.23708
1298 -1.24669
1299 -1.25629
1300 -1.26589
1301 -1.27549
1302 -1.28509
1303 -1.29468
1304 -1.30427
1305 -1.31386
1306 -1.32344
1307 -1.33302
1308 -1.3426
1309 -1.35217
1310 -1.36174
1311 -1.37131
1312 -1.38087
1313 -1.39043
1314 -1.39999
1315 -1.40954
1316 -1.41909
1317 -1.42864
1318 -1.43818
1319 -1.44772
1320 -1.45725
1321 -1.46678
1322 -1.47631
1323 -1.48584
1324 -1.49536
1325 -1.50487
1326 -1.51439
1327 -1.52389
1328 -1.5334
1329 -1.5429
1330 -1.5524
1331 -1.56189
1332 -1.57138
1333 -1.58087
1334 -1.59035
1335 -1.59983
1336 -1.6093
1337 -1.61877
1338 -1.62824
1339 -1.6377
1340 -1.64716
1341 -1.65661
1342 -1.66606
1343 -1.67551
1344 -1.68495
1345 -1.69439
1346 -1.70382
1347 -1.71325
1348 -1.72267
1349 -1.73209
1350 -1.74151
1351 -1.75092
1352 -1.76033
1353 -1.76973
1354 -1.77913
1355 -1.78853
1356 -1.79792
1357 -1.8073
1358 -1.81668
1359 -1.82606
1360 -1.83543
1361 -1.8448
1362 -1.85416
1363 -1.86352
1364 -1.87288
1365 -1.88223
1366 -1.89157
1367 -1.90091
1368 -1.91025
1369 -1.91958
1370 -1.92891
1371 -1.93823
1372 -1.94754
1373 -1.95686
1374 -1.96616
1375 -1.97547
1376 -1.98476
1377 -1.99406
1378 -2.00334
1379 -2.01263
1380 -2.02191
1381 -2.03118
1382 -2.04045
1383 -2.04971
1384 -2.05897
1385 -2.06822
1386 -2.07747
1387 -2.08672
1388 -2.09595
1389 -2.10519
1390 -2.11442
1391 -2.12364
1392 -2.13286
1393 -2.14207
1394 -2.15128
1395 -2.16048
1396 -2.16968
1397 -2.17887
1398 -2.18806
1399 -2.19724
1400 -2.20642
1401 -2.21559
1402 -2.22475
1403 -2.23391
1404 -2.24307
1405 -2.25222
1406 -2.26136
1407 -2.2705
1408 -2.27963
1409 -2.28876
1410 -2.29788
1411 -2.307
1412 -2.31611
1413 -2.32522
1414 -2.33432
1415 -2.34341
1416 -2.3525
1417 -2.36159
1418 -2.37066
1419 -2.37974
1420 -2.3888
1421 -2.39786
1422 -2.40692
1423 -2.41597
1424 -2.42501
1425 -2.43405
1426 -2.44308
1427 -2.45211
1428 -2.46113
1429 -2.47015
1430 -2.47916
1431 -2.48816
1432 -2.49716
1433 -2.50615
1434 -2.51513
1435 -2.52411
1436 -2.53309
1437 -2.54205
1438 -2.55102
1439 -2.55997
1440 -2.56892
1441 -2.57787
1442 -2.5868
1443 -2.59574
1444 -2.60466
1445 -2.61358
1446 -2.62249
1447 -2.6314
1448 -2.6403
1449 -2.6492
1450 -2.65809
1451 -2.66697
1452 -2.67585
1453 -2.68472
1454 -2.69358
1455 -2.70244
1456 -2.71129
1457 -2.72013
1458 -2.72897
1459 -2.73781
1460 -2.74663
1461 -2.75545
1462 -2.76427
1463 -2.77307
1464 -2.78187
1465 -2.79067
1466 -2.79946
1467 -2.80824
1468 -2.81701
1469 -2.82578
1470 -2.83454
1471 -2.8433
1472 -2.85205
1473 -2.86079
1474 -2.86952
1475 -2.87825
1476 -2.88698
1477 -2.89569
1478 -2.9044
1479 -2.9131
1480 -2.9218
1481 -2.93049
1482 -2.93917
1483 -2.94785
1484 -2.95652
1485 -2.96518
1486 -2.97384
1487 -2.98249
1488 -2.99113
1489 -2.99977
1490 -3.00839
1491 -3.01702
1492 -3.02563
1493 -3.03424
1494 -3.04284
1495 -3.05144
1496 -3.06002
1497 -3.06861
1498 -3.07718
1499 -3.08575
1500 -3.09431
1501 -3.10286
1502 -3.11141
1503 -3.11995
1504 -3.12848
1505 -3.137
1506 -3.14552
1507 -3.15403
1508 -3.16254
1509 -3.17104
1510 -3.17953
1511 -3.18801
1512 -3.19648
1513 -3.20495
1514 -3.21342
1515 -3.22187
1516 -3.23032
1517 -3.23876
1518 -3.24719
1519 -3.25562
1520 -3.26404
1521 -3.27245
1522 -3.28085
1523 -3.28925
1524 -3.29764
1525 -3.30602
1526 -3.3144
1527 -3.32277
1528 -3.33113
1529 -3.33948
1530 -3.34783
1531 -3.35617
1532 -3.3645
1533 -3.37282
1534 -3.38114
1535 -3.38945
1536 -3.39775
1537 -3.40605
1538 -3.41433
1539 -3.42261
1540 -3.43089
1541 -3.43915
1542 -3.44741
1543 -3.45566
1544 -3.4639
1545 -3.47214
1546 -3.48036
1547 -3.48858
1548 -3.4968
1549 -3.505
1550 -3.5132
1551 -3.52139
1552 -3.52957
1553 -3.53775
1554 -3.54591
1555 -3.55407
1556 -3.56223
1557 -3.57037
1558 -3.57851
1559 -3.58664
1560 -3.59476
1561 -3.60287
1562 -3.61098
1563 -3.61908
1564 -3.62717
1565 -3.63525
1566 -3.64333
1567 -3.65139
1568 -3.65945
1569 -3.66751
1570 -3.67555
1571 -3.68359
1572 -3.69162
1573 -3.69964
1574 -3.70765
1575 -3.71566
1576 -3.72366
1577 -3.73165
1578 -3.73963
1579 -3.7476
1580 -3.75557
1581 -3.76353
1582 -3.77148
1583 -3.77942
1584 -3.78736
1585 -3.79529
1586 -3.8032
1587 -3.81112
1588 -3.81902
1589 -3.82692
1590 -3.8348
1591 -3.84268
1592 -3.85056
1593 -3.85842
1594 -3.86628
1595 -3.87412
1596 -3.88196
1597 -3.8898
1598 -3.89762
1599 -3.90544
1600 -3.91324
1601 -3.92104
1602 -3.92884
1603 -3.93662
1604 -3.9444
1605 -3.95216
1606 -3.95992
1607 -3.96768
1608 -3.97542
1609 -3.98316
1610 -3.99088
1611 -3.9986
1612 -4.00631
1613 -4.01402
1614 -4.02171
1615 -4.0294
1616 -4.03708
1617 -4.04475
1618 -4.05241
1619 -4.06007
1620 -4.06771
1621 -4.07535
1622 -4.08298
1623 -4.0906
1624 -4.09822
1625 -4.10582
1626 -4.11342
1627 -4.12101
1628 -4.12859
1629 -4.13616
1630 -4.14373
1631 -4.15129
1632 -4.15883
1633 -4.16637
1634 -4.1739
1635 -4.18143
1636 -4.18894
1637 -4.19645
1638 -4.20395
1639 -4.21144
1640 -4.21892
1641 -4.2264
1642 -4.23386
1643 -4.24132
1644 -4.24877
1645 -4.25621
1646 -4.26364
1647 -4.27106
1648 -4.27848
1649 -4.28589
1650 -4.29329
1651 -4.30068
1652 -4.30806
1653 -4.31543
1654 -4.3228
1655 -4.33016
1656 -4.33751
1657 -4.34485
1658 -4.35218
1659 -4.3595
1660 -4.36682
1661 -4.37413
1662 -4.38142
1663 -4.38872
1664 -4.396
1665 -4.40327
1666 -4.41054
1667 -4.41779
1668 -4.42504
1669 -4.43228
1670 -4.43951
1671 -4.44674
1672 -4.45395
1673 -4.46116
1674 -4.46836
1675 -4.47554
1676 -4.48273
1677 -4.4899
1678 -4.49706
1679 -4.50422
1680 -4.51137
1681 -4.5185
1682 -4.52563
1683 -4.53276
1684 -4.53987
1685 -4.54697
1686 -4.55407
1687 -4.56116
1688 -4.56824
1689 -4.57531
1690 -4.58237
1691 -4.58943
1692 -4.59647
1693 -4.60351
1694 -4.61054
1695 -4.61756
1696 -4.62457
1697 -4.63157
1698 -4.63857
1699 -4.64555
1700 -4.65253
1701 -4.6595
1702 -4.66646
1703 -4.67341
1704 -4.68035
1705 -4.68729
1706 -4.69422
