1 0.99999
2 0.999971
3 0.999941
4 0.999902
5 0.999853
6 0.999794
7 0.999725
8 0.999647
9 0.999559
10 0.99946
11 0.999353
12 0.999235
13 0.999107
14 0.99897
15 0.998823
16 0.998666
17 0.998499
18 0.998323
19 0.998136
20 0.99794
21 0.997734
22 0.997518
23 0.997293
24 0.997057
25 0.996812
26 0.996557
27 0.996292
28 0.996018
29 0.995733
30 0.995439
31 0.995135
32 0.994821
33 0.994498
34 0.994164
35 0.993821
36 0.993468
37 0.993106
38 0.992733
39 0.992351
40 0.991958
41 0.991557
42 0.991145
43 0.990723
44 0.990292
45 0.989851
46 0.9894
47 0.988939
48 0.988469
49 0.987989
50 0.987499
51 0.986999
52 0.98649
53 0.98597
54 0.985441
55 0.984902
56 0.984354
57 0.983795
58 0.983227
59 0.982649
60 0.982061
61 0.981464
62 0.980857
63 0.98024
64 0.979613
65 0.978976
66 0.97833
67 0.977674
68 0.977008
69 0.976333
70 0.975647
71 0.974952
72 0.974248
73 0.973533
74 0.972809
75 0.972075
76 0.971331
77 0.970578
78 0.969814
79 0.969041
80 0.968259
81 0.967466
82 0.966664
83 0.965852
84 0.965031
85 0.964199
86 0.963358
87 0.962507
88 0.961647
89 0.960777
90 0.959897
91 0.959007
92 0.958108
93 0.957199
94 0.95628
95 0.955352
96 0.954414
97 0.953466
98 0.952509
99 0.951541
100 0.950564
101 0.949578
102 0.948582
103 0.947576
104 0.94656
105 0.945535
106 0.9445
107 0.943455
108 0.942401
109 0.941337
110 0.940263
111 0.93918
112 0.938087
113 0.936985
114 0.935873
115 0.934751
116 0.933619
117 0.932478
118 0.931327
119 0.930167
120 0.928997
121 0.927817
122 0.926628
123 0.925429
124 0.92422
125 0.923002
126 0.921774
127 0.920537
128 0.91929
129 0.918033
130 0.916767
131 0.915491
132 0.914206
133 0.912911
134 0.911606
135 0.910292
136 0.908968
137 0.907635
138 0.906292
139 0.904939
140 0.903577
141 0.902205
142 0.900824
143 0.899433
144 0.898033
145 0.896623
146 0.895204
147 0.893775
148 0.892336
149 0.890888
150 0.889431
151 0.887964
152 0.886487
153 0.885001
154 0.883505
155 0.882
156 0.880485
157 0.878961
158 0.877427
159 0.875884
160 0.874331
161 0.872769
162 0.871197
163 0.869616
164 0.868025
165 0.866425
166 0.864816
167 0.863196
168 0.861568
169 0.85993
170 0.858282
171 0.856625
172 0.854959
173 0.853283
174 0.851598
175 0.849903
176 0.848199
177 0.846485
178 0.844762
179 0.84303
180 0.841288
181 0.839537
182 0.837776
183 0.836006
184 0.834227
185 0.832438
186 0.83064
187 0.828832
188 0.827015
189 0.825189
190 0.823353
191 0.821508
192 0.819653
193 0.817789
194 0.815916
195 0.814034
196 0.812142
197 0.81024
198 0.80833
199 0.80641
200 0.804481
201 0.802542
202 0.800594
203 0.798637
204 0.796671
205 0.794695
206 0.79271
207 0.790715
208 0.788712
209 0.786699
210 0.784677
211 0.782645
212 0.780604
213 0.778554
214 0.776495
215 0.774426
216 0.772349
217 0.770262
218 0.768165
219 0.76606
220 0.763945
221 0.761821
222 0.759688
223 0.757545
224 0.755394
225 0.753233
226 0.751063
227 0.748884
228 0.746695
229 0.744498
230 0.742291
231 0.740075
232 0.73785
233 0.735616
234 0.733373
235 0.73112
236 0.728858
237 0.726588
238 0.724308
239 0.722018
240 0.71972
241 0.717413
242 0.715097
243 0.712771
244 0.710436
245 0.708093
246 0.70574
247 0.703378
248 0.701007
249 0.698627
250 0.696238
251 0.69384
252 0.691432
253 0.689016
254 0.686591
255 0.684156
256 0.681713
257 0.67926
258 0.676799
259 0.674329
260 0.671849
261 0.669361
262 0.666863
263 0.664357
264 0.661841
265 0.659317
266 0.656783
267 0.654241
268 0.65169
269 0.649129
270 0.64656
271 0.643982
272 0.641395
273 0.638799
274 0.636194
275 0.63358
276 0.630957
277 0.628325
278 0.625685
279 0.623035
280 0.620377
281 0.61771
282 0.615033
283 0.612348
284 0.609655
285 0.606952
286 0.60424
287 0.60152
288 0.59879
289 0.596052
290 0.593305
291 0.59055
292 0.587785
293 0.585012
294 0.58223
295 0.579439
296 0.576639
297 0.57383
298 0.571013
299 0.568187
300 0.565352
301 0.562508
302 0.559656
303 0.556795
304 0.553925
305 0.551047
306 0.548159
307 0.545263
308 0.542359
309 0.539445
310 0.536523
311 0.533592
312 0.530653
313 0.527705
314 0.524748
315 0.521782
316 0.518808
317 0.515825
318 0.512834
319 0.509834
320 0.506825
321 0.503808
322 0.500782
323 0.497747
324 0.494704
325 0.491652
326 0.488592
327 0.485523
328 0.482446
329 0.47936
330 0.476265
331 0.473162
332 0.47005
333 0.46693
334 0.463801
335 0.460664
336 0.457518
337 0.454364
338 0.451201
339 0.44803
340 0.44485
341 0.441661
342 0.438465
343 0.435259
344 0.432046
345 0.428824
346 0.425593
347 0.422354
348 0.419106
349 0.41585
350 0.412586
351 0.409313
352 0.406032
353 0.402743
354 0.399445
355 0.396138
356 0.392824
357 0.389501
358 0.386169
359 0.382829
360 0.379481
361 0.376125
362 0.37276
363 0.369387
364 0.366006
365 0.362616
366 0.359218
367 0.355811
368 0.352397
369 0.348974
370 0.345543
371 0.342103
372 0.338656
373 0.3352
374 0.331735
375 0.328263
376 0.324782
377 0.321293
378 0.317796
379 0.314291
380 0.310778
381 0.307256
382 0.303726
383 0.300188
384 0.296642
385 0.293087
386 0.289525
387 0.285954
388 0.282376
389 0.278789
390 0.275194
391 0.27159
392 0.267979
393 0.26436
394 0.260732
395 0.257097
396 0.253453
397 0.249802
398 0.246142
399 0.242474
400 0.238798
401 0.235114
402 0.231422
403 0.227722
404 0.224015
405 0.220299
406 0.216575
407 0.212843
408 0.209103
409 0.205355
410 0.201599
411 0.197835
412 0.194064
413 0.190284
414 0.186496
415 0.182701
416 0.178897
417 0.175086
418 0.171266
419 0.167439
420 0.163604
421 0.159761
422 0.15591
423 0.152052
424 0.148185
425 0.144311
426 0.140428
427 0.136538
428 0.132641
429 0.128735
430 0.124821
431 0.1209
432 0.116971
433 0.113034
434 0.109089
435 0.105137
436 0.101177
437 0.0972087
438 0.093233
439 0.0892496
440 0.0852584
441 0.0812596
442 0.077253
443 0.0732387
444 0.0692167
445 0.065187
446 0.0611497
447 0.0571047
448 0.053052
449 0.0489916
450 0.0449237
451 0.040848
452 0.0367648
453 0.0326739
454 0.0285754
455 0.0244693
456 0.0203556
457 0.0162344
458 0.0121055
459 0.00796908
460 0.00382509
461 -0.000326462
462 -0.00448556
463 -0.0086522
464 -0.0128264
465 -0.0170081
466 -0.0211973
467 -0.025394
468 -0.0295982
469 -0.0338099
470 -0.0380291
471 -0.0422557
472 -0.0464899
473 -0.0507314
474 -0.0549805
475 -0.0592369
476 -0.0635009
477 -0.0677722
478 -0.0720509
479 -0.0763371
480 -0.0806306
481 -0.0849316
482 -0.0892399
483 -0.0935556
484 -0.0978786
485 -0.102209
486 -0.106547
487 -0.110892
488 -0.115244
489 -0.119604
490 -0.123971
491 -0.128346
492 -0.132727
493 -0.137116
494 -0.141512
495 -0.145916
496 -0.150327
497 -0.154745
498 -0.15917
499 -0.163603
500 -0.168042
501 -0.172489
502 -0.176944
503 -0.181405
504 -0.185874
505 -0.190349
506 -0.194832
507 -0.199323
508 -0.20382
509 -0.208324
510 -0.212836
511 -0.217355
512 -0.221881
513 -0.226414
514 -0.230954
515 -0.235501
516 -0.240055
517 -0.244617
518 -0.249185
519 -0.253761
520 -0.258343
521 -0.262933
522 -0.26753
523 -0.272134
524 -0.276744
525 -0.281362
526 -0.285987
527 -0.290619
528 -0.295258
529 -0.299903
530 -0.304556
531 -0.309216
532 -0.313883
533 -0.318556
534 -0.323237
535 -0.327924
536 -0.332619
537 -0.33732
538 -0.342028
539 -0.346744
540 -0.351466
541 -0.356195
542 -0.360931
543 -0.365673
544 -0.370423
545 -0.375179
546 -0.379942
547 -0.384713
548 -0.389489
549 -0.394273
550 -0.399064
551 -0.403861
552 -0.408665
553 -0.413476
554 -0.418294
555 -0.423118
556 -0.427949
557 -0.432787
558 -0.437632
559 -0.442483
560 -0.447341
561 -0.452206
562 -0.457078
563 -0.461956
564 -0.466841
565 -0.471733
566 -0.476631
567 -0.481536
568 -0.486447
569 -0.491366
570 -0.49629
571 -0.501222
572 -0.50616
573 -0.511105
574 -0.516056
575 -0.521014
576 -0.525978
577 -0.53095
578 -0.535927
579 -0.540911
580 -0.545902
581 -0.550899
582 -0.555903
583 -0.560914
584 -0.56593
585 -0.570954
586 -0.575984
587 -0.58102
588 -0.586063
589 -0.591112
590 -0.596168
591 -0.60123
592 -0.606299
593 -0.611374
594 -0.616455
595 -0.621543
596 -0.626638
597 -0.631738
598 -0.636846
599 -0.641959
600 -0.647079
601 -0.652205
602 -0.657338
603 -0.662477
604 -0.667622
605 -0.672774
606 -0.677932
607 -0.683096
608 -0.688267
609 -0.693444
610 -0.698627
611 -0.703817
612 -0.709013
613 -0.714215
614 -0.719423
615 -0.724638
616 -0.729858
617 -0.735085
618 -0.740319
619 -0.745558
620 -0.750804
621 -0.756056
622 -0.761314
623 -0.766578
624 -0.771849
625 -0.777125
626 -0.782408
627 -0.787697
628 -0.792992
629 -0.798293
630 -0.8036
631 -0.808914
632 -0.814233
633 -0.819559
634 -0.824891
635 -0.830228
636 -0.835572
637 -0.840922
638 -0.846278
639 -0.85164
640 -0.857008
641 -0.862382
642 -0.867762
643 -0.873148
644 -0.87854
645 -0.883939
646 -0.889343
647 -0.894753
648 -0.900169
649 -0.905591
650 -0.911019
651 -0.916453
652 -0.921892
653 -0.927338
654 -0.93279
655 -0.938247
656 -0.943711
657 -0.94918
658 -0.954655
659 -0.960136
660 -0.965623
661 -0.971116
662 -0.976615
663 -0.98212
664 -0.98763
665 -0.993146
666 -0.998668
667 -1.0042
668 -1.00973
669 -1.01527
670 -1.02081
671 -1.02637
672 -1.03192
673 -1.03748
674 -1.04305
675 -1.04863
676 -1.05421
677 -1.05979
678 -1.06538
679 -1.07098
680 -1.07658
681 -1.08219
682 -1.0878
683 -1.09342
684 -1.09905
685 -1.10468
686 -1.11032
687 -1.11596
688 -1.12161
689 -1.12726
690 -1.13292
691 -1.13858
692 -1.14425
693 -1.14993
694 -1.15561
695 -1.1613
696 -1.16699
697 -1.17269
698 -1.17839
699 -1.1841
700 -1.18982
701 -1.19554
702 -1.20126
703 -1.20699
704 -1.21273
705 -1.21847
706 -1.22422
707 -1.22997
708 -1.23573
709 -1.2415
710 -1.24727
711 -1.25304
712 -1.25882
713 -1.26461
714 -1.2704
715 -1.2762
716 -1.282
717 -1.28781
718 -1.29362
719 -1.29944
720 -1.30526
721 -1.31109
722 -1.31693
723 -1.32276
724 -1.32861
725 -1.33446
726 -1.34032
727 -1.34618
728 -1.35204
729 -1.35792
730 -1.36379
731 -1.36967
732 -1.37556
733 -1.38145
734 -1.38735
735 -1.39326
736 -1.39916
737 -1.40508
738 -1.411
739 -1.41692
740 -1.42285
741 -1.42878
742 -1.43472
743 -1.44067
744 -1.44662
745 -1.45257
746 -1.45853
747 -1.4645
748 -1.47047
749 -1.47645
750 -1.48243
751 -1.48841
752 -1.4944
753 -1.5004
754 -1.5064
755 -1.51241
756 -1.51842
757 -1.52444
758 -1.53046
759 -1.53648
760 -1.54252
761 -1.54855
762 -1.55459
763 -1.56064
764 -1.56669
765 -1.57275
766 -1.57881
767 -1.58488
768 -1.59095
769 -1.59703
770 -1.60311
771 -1.6092
772 -1.61529
773 -1.62138
774 -1.62748
775 -1.63359
776 -1.6397
777 -1.64582
778 -1.65194
779 -1.65807
780 -1.6642
781 -1.67033
782 -1.67647
783 -1.68262
784 -1.68877
785 -1.69492
786 -1.70108
787 -1.70725
788 -1.71342
789 -1.71959
790 -1.72577
791 -1.73196
792 -1.73815
793 -1.74434
794 -1.75054
795 -1.75674
796 -1.76295
797 -1.76916
798 -1.77538
799 -1.7816
800 -1.78783
801 -1.79406
802 -1.8003
803 -1.80654
804 -1.81278
805 -1.81903
806 -1.82529
807 -1.83155
808 -1.83781
809 -1.84408
810 -1.85036
811 -1.85663
812 -1.86292
813 -1.8692
814 -1.8755
815 -1.88179
816 -1.8881
817 -1.8944
818 -1.90071
819 -1.90703
820 -1.91335
821 -1.91967
822 -1.926
823 -1.93233
824 -1.93867
825 -1.94502
826 -1.95136
827 -1.95771
828 -1.96407
829 -1.97043
830 -1.9768
831 -1.98317
832 -1.98954
833 -1.99592
834 -2.0023
835 -2.00869
836 -2.01508
837 -2.02148
838 -2.02788
839 -2.03428
840 -2.04069
841 -2.04711
842 -2.05353
843 -2.05995
844 -2.06638
845 -2.07281
846 -2.07925
847 -2.08569
848 -2.09213
849 -2.09858
850 -2.10503
851 -2.11149
852 -2.11795
853 -2.12442
854 -2.13089
855 -2.13737
856 -2.14385
857 -2.15033
858 -2.15682
859 -2.16331
860 -2.16981
861 -2.17631
862 -2.18281
863 -2.18932
864 -2.19584
865 -2.20236
866 -2.20888
867 -2.2154
868 -2.22194
869 -2.22847
870 -2.23501
871 -2.24155
872 -2.2481
873 -2.25465
874 -2.26121
875 -2.26777
876 -2.27433
877 -2.2809
878 -2.28747
879 -2.29405
880 -2.30063
881 -2.30722
882 -2.3138
883 -2.3204
884 -2.32699
885 -2.3336
886 -2.3402
887 -2.34681
888 -2.35342
889 -2.36004
890 -2.36666
891 -2.37329
892 -2.37992
893 -2.38655
894 -2.39319
895 -2.39983
896 -2.40648
897 -2.41313
898 -2.41978
899 -2.42644
900 -2.4331
901 -2.43977
902 -2.44644
903 -2.45311
904 -2.45979
905 -2.46647
906 -2.47316
907 -2.47985
908 -2.48654
909 -2.49324
910 -2.49994
911 -2.50665
912 -2.51336
913 -2.52007
914 -2.52679
915 -2.53351
916 -2.54023
917 -2.54696
918 -2.55369
919 -2.56043
920 -2.56717
921 -2.57391
922 -2.58066
923 -2.58741
924 -2.59417
925 -2.60093
926 -2.60769
927 -2.61446
928 -2.62123
929 -2.62801
930 -2.63478
931 -2.64157
932 -2.64835
933 -2.65514
934 -2.66194
935 -2.66873
936 -2.67553
937 -2.68234
938 -2.68915
939 -2.69596
940 -2.70278
941 -2.7096
942 -2.71642
943 -2.72325
944 -2.73008
945 -2.73691
946 -2.74375
947 -2.75059
948 -2.75744
949 -2.76429
950 -2.77114
951 -2.778
952 -2.78486
953 -2.79172
954 -2.79859
955 -2.80546
956 -2.81233
957 -2.81921
958 -2.82609
959 -2.83298
960 -2.83987
961 -2.84676
962 -2.85366
963 -2.86056
964 -2.86746
965 -2.87437
966 -2.88128
967 -2.88819
968 -2.89511
969 -2.90203
970 -2.90895
971 -2.91588
972 -2.92281
973 -2.92975
974 -2.93669
975 -2.94363
976 -2.95057
977 -2.95752
978 -2.96447
979 -2.97143
980 -2.97839
981 -2.98535
982 -2.99232
983 -2.99929
984 -3.00626
985 -3.01324
986 -3.02022
987 -3.0272
988 -3.03419
989 -3.04118
990 -3.04817
991 -3.05517
992 -3.06217
993 -3.06917
994 -3.07618
995 -3.08319
996 -3.09021
997 -3.09722
998 -3.10424
999 -3.11127
1000 -3.11829
1001 -3.12533
1002 -3.13236
1003 -3.1394
1004 -3.14644
1005 -3.15348
1006 -3.16053
1007 -3.16758
1008 -3.17463
1009 -3.18169
1010 -3.18875
1011 -3.19581
1012 -3.20288
1013 -3.20995
1014 -3.21702
1015 -3.2241
1016 -3.23118
1017 -3.23826
1018 -3.24535
1019 -3.25244
1020 -3.25953
1021 -3.26663
1022 -3.27373
1023 -3.28083
1024 -3.28793
1025 -3.29504
1026 -3.30215
1027 -3.30927
1028 -3.31639
1029 -3.32351
1030 -3.33063
1031 -3.33776
1032 -3.34489
1033 -3.35203
1034 -3.35916
1035 -3.3663
1036 -3.37345
1037 -3.38059
1038 -3.38774
1039 -3.39489
1040 -3.40205
1041 -3.40921
1042 -3.41637
1043 -3.42354
1044 -3.4307
1045 -3.43788
1046 -3.44505
1047 -3.45223
1048 -3.45941
1049 -3.46659
1050 -3.47378
1051 -3.48097
1052 -3.48816
1053 -3.49535
1054 -3.50255
1055 -3.50975
1056 -3.51696
1057 -3.52417
1058 -3.53138
1059 -3.53859
1060 -3.54581
1061 -3.55303
1062 -3.56025
1063 -3.56747
1064 -3.5747
1065 -3.58193
1066 -3.58917
1067 -3.5964
1068 -3.60364
1069 -3.61089
1070 -3.61813
1071 -3.62538
1072 -3.63263
1073 -3.63989
1074 -3.64715
1075 -3.65441
1076 -3.66167
1077 -3.66894
1078 -3.6762
1079 -3.68348
1080 -3.69075
1081 -3.69803
1082 -3.70531
1083 -3.71259
1084 -3.71988
1085 -3.72717
1086 -3.73446
1087 -3.74176
1088 -3.74905
1089 -3.75635
1090 -3.76366
1091 -3.77096
1092 -3.77827
1093 -3.78558
1094 -3.7929
1095 -3.80021
1096 -3.80753
1097 -3.81486
1098 -3.82218
1099 -3.82951
1100 -3.83684
1101 -3.84418
1102 -3.85151
1103 -3.85885
1104 -3.86619
1105 -3.87354
1106 -3.88089
1107 -3.88824
1108 -3.89559
1109 -3.90295
1110 -3.9103
1111 -3.91767
1112 -3.92503
1113 -3.9324
1114 -3.93976
1115 -3.94714
1116 -3.95451
1117 -3.96189
1118 -3.96927
1119 -3.97665
1120 -3.98404
1121 -3.99142
1122 -3.99881
1123 -4.00621
1124 -4.0136
1125 -4.021
1126 -4.0284
1127 -4.03581
1128 -4.04321
1129 -4.05062
1130 -4.05803
1131 -4.06545
1132 -4.07286
1133 -4.08028
1134 -4.08771
1135 -4.09513
1136 -4.10256
1137 -4.10999
1138 -4.11742
1139 -4.12485
1140 -4.13229
1141 -4.13973
1142 -4.14717
1143 -4.15462
1144 -4.16207
1145 -4.16952
1146 -4.17697
1147 -4.18442
1148 -4.19188
1149 -4.19934
1150 -4.2068
1151 -4.21427
1152 -4.22174
1153 -4.22921
1154 -4.23668
1155 -4.24415
1156 -4.25163
1157 -4.25911
1158 -4.26659
1159 -4.27408
1160 -4.28157
1161 -4.28905
1162 -4.29655
1163 -4.30404
1164 -4.31154
1165 -4.31904
1166 -4.32654
1167 -4.33404
1168 -4.34155
1169 -4.34906
1170 -4.35657
1171 -4.36409
1172 -4.3716
1173 -4.37912
1174 -4.38664
1175 -4.39417
1176 -4.40169
1177 -4.40922
1178 -4.41675
1179 -4.42429
1180 -4.43182
1181 -4.43936
1182 -4.4469
1183 -4.45444
1184 -4.46199
1185 -4.46953
1186 -4.47708
1187 -4.48463
1188 -4.49219
1189 -4.49975
1190 -4.5073
1191 -4.51487
1192 -4.52243
1193 -4.52999
1194 -4.53756
1195 -4.54513
1196 -4.55271
1197 -4.56028
1198 -4.56786
1199 -4.57544
1200 -4.58302
1201 -4.5906
1202 -4.59819
1203 -4.60578
1204 -4.61337
1205 -4.62096
1206 -4.62856
1207 -4.63615
1208 -4.64375
1209 -4.65136
1210 -4.65896
1211 -4.66657
1212 -4.67418
1213 -4.68179
1214 -4.6894
1215 -4.69701
1216 -4.70463
1217 -4.71225
1218 -4.71987
1219 -4.7275
1220 -4.73512
1221 -4.74275
1222 -4.75038
1223 -4.75802
1224 -4.76565
1225 -4.77329
1226 -4.78093
1227 -4.78857
1228 -4.79621
1229 -4.80386
1230 -4.8115
1231 -4.81915
1232 -4.82681
1233 -4.83446
1234 -4.84212
1235 -4.84978
1236 -4.85744
1237 -4.8651
1238 -4.87276
1239 -4.88043
1240 -4.8881
1241 -4.89577
1242 -4.90344
1243 -4.91112
1244 -4.9188
1245 -4.92648
1246 -4.93416
1247 -4.94184
1248 -4.94953
1249 -4.95721
1250 -4.9649
1251 -4.97259
1252 -4.98029
1253 -4.98798
1254 -4.99568
1255 -5.00338
1256 -5.01108
1257 -5.01879
1258 -5.02649
1259 -5.0342
1260 -5.04191
1261 -5.04962
1262 -5.05734
1263 -5.06505
1264 -5.07277
1265 -5.08049
1266 -5.08821
1267 -5.09594
1268 -5.10366
1269 -5.11139
1270 -5.11912
1271 -5.12685
1272 -5.13459
1273 -5.14232
1274 -5.15006
1275 -5.1578
1276 -5.16554
1277 -5.17328
1278 -5.18103
1279 -5.18878
1280 -5.19653
1281 -5.20428
1282 -5.21203
1283 -5.21979
1284 -5.22754
1285 -5.2353
1286 -5.24306
1287 -5.25083
1288 -5.25859
1289 -5.26636
1290 -5.27413
1291 -5.2819
1292 -5.28967
1293 -5.29744
1294 -5.30522
1295 -5.313
1296 -5.32078
1297 -5.32856
1298 -5.33634
1299 -5.34413
1300 -5.35191
1301 -5.3597
1302 -5.36749
1303 -5.37529
1304 -5.38308
1305 -5.39088
1306 -5.39868
1307 -5.40648
1308 -5.41428
1309 -5.42208
1310 -5.42989
1311 -5.43769
1312 -5.4455
1313 -5.45331
1314 -5.46113
1315 -5.46894
1316 -5.47676
1317 -5.48458
1318 -5.4924
1319 -5.50022
1320 -5.50804
1321 -5.51587
1322 -5.52369
1323 -5.53152
1324 -5.53935
1325 -5.54718
1326 -5.55502
1327 -5.56285
1328 -5.57069
1329 -5.57853
1330 -5.58637
1331 -5.59422
1332 -5.60206
1333 -5.60991
1334 -5.61775
1335 -5.6256
1336 -5.63346
1337 -5.64131
1338 -5.64916
1339 -5.65702
1340 -5.66488
1341 -5.67274
1342 -5.6806
1343 -5.68846
1344 -5.69633
1345 -5.7042
1346 -5.71206
1347 -5.71993
1348 -5.72781
1349 -5.73568
1350 -5.74356
1351 -5.75143
1352 -5.75931
1353 -5.76719
1354 -5.77507
1355 -5.78296
1356 -5.79084
1357 -5.79873
1358 -5.80662
1359 -5.81451
1360 -5.8224
1361 -5.83029
1362 -5.83819
1363 -5.84608
1364 -5.85398
1365 -5.86188
1366 -5.86978
1367 -5.87769
1368 -5.88559
1369 -5.8935
1370 -5.90141
1371 -5.90932
1372 -5.91723
1373 -5.92514
1374 -5.93305
1375 -5.94097
1376 -5.94889
1377 -5.95681
1378 -5.96473
1379 -5.97265
1380 -5.98057
1381 -5.9885
1382 -5.99643
1383 -6.00435
1384 -6.01228
1385 -6.02022
1386 -6.02815
1387 -6.03608
1388 -6.04402
1389 -6.05196
1390 -6.0599
1391 -6.06784
1392 -6.07578
1393 -6.08373
1394 -6.09167
1395 -6.09962
1396 -6.10757
1397 -6.11552
1398 -6.12347
1399 -6.13142
1400 -6.13938
1401 -6.14733
1402 -6.15529
1403 -6.16325
1404 -6.17121
1405 -6.17917
1406 -6.18713
1407 -6.1951
1408 -6.20307
1409 -6.21103
1410 -6.219
1411 -6.22698
1412 -6.23495
1413 -6.24292
1414 -6.2509
1415 -6.25887
1416 -6.26685
1417 -6.27483
1418 -6.28281
1419 -6.2908
1420 -6.29878
1421 -6.30677
1422 -6.31475
1423 -6.32274
1424 -6.33073
1425 -6.33872
1426 -6.34672
1427 -6.35471
1428 -6.3627
1429 -6.3707
1430 -6.3787
1431 -6.3867
1432 -6.3947
1433 -6.4027
1434 -6.41071
1435 -6.41871
1436 -6.42672
1437 -6.43473
1438 -6.44274
1439 -6.45075
1440 -6.45876
1441 -6.46678
1442 -6.47479
1443 -6.48281
1444 -6.49083
1445 -6.49884
1446 -6.50687
1447 -6.51489
1448 -6.52291
1449 -6.53094
1450 -6.53896
1451 -6.54699
1452 -6.55502
1453 -6.56305
1454 -6.57108
1455 -6.57911
1456 -6.58715
1457 -6.59518
1458 -6.60322
1459 -6.61126
1460 -6.6193
1461 -6.62734
1462 -6.63538
1463 -6.64342
1464 -6.65147
1465 -6.65951
1466 -6.66756
1467 -6.67561
1468 -6.68366
1469 -6.69171
1470 -6.69977
1471 -6.70782
1472 -6.71587
1473 -6.72393
1474 -6.73199
1475 -6.74005
1476 -6.74811
1477 -6.75617
1478 -6.76423
1479 -6.7723
1480 -6.78036
1481 -6.78843
1482 -6.7965
1483 -6.80457
1484 -6.81264
1485 -6.82071
1486 -6.82878
1487 -6.83686
1488 -6.84493
1489 -6.85301
1490 -6.86109
1491 -6.86917
1492 -6.87725
1493 -6.88533
1494 -6.89341
1495 -6.9015
1496 -6.90958
1497 -6.91767
1498 -6.92576
1499 -6.93385
1500 -6.94194
1501 -6.95003
1502 -6.95812
1503 -6.96622
1504 -6.97431
1505 -6.98241
1506 -6.99051
1507 -6.99861
1508 -7.00671
1509 -7.01481
1510 -7.02291
1511 -7.03101
1512 -7.03912
1513 -7.04723
1514 -7.05533
1515 -7.06344
1516 -7.07155
1517 -7.07966
1518 -7.08777
1519 -7.09589
1520 -7.104
1521 -7.11212
1522 -7.12023
1523 -7.12835
1524 -7.13647
1525 -7.14459
1526 -7.15271
1527 -7.16083
1528 -7.16896
1529 -7.17708
1530 -7.18521
1531 -7.19334
1532 -7.20146
1533 -7.20959
1534 -7.21772
1535 -7.22586
1536 -7.23399
1537 -7.24212
1538 -7.25026
1539 -7.25839
1540 -7.26653
1541 -7.27467
1542 -7.28281
1543 -7.29095
1544 -7.29909
1545 -7.30723
1546 -7.31538
1547 -7.32352
1548 -7.33167
1549 -7.33982
1550 -7.34797
1551 -7.35611
1552 -7.36427
1553 -7.37242
1554 -7.38057
1555 -7.38872
1556 -7.39688
1557 -7.40503
1558 -7.41319
1559 -7.42135
1560 -7.42951
1561 -7.43767
1562 -7.44583
1563 -7.45399
1564 -7.46216
1565 -7.47032
1566 -7.47849
1567 -7.48665
1568 -7.49482
1569 -7.50299
1570 -7.51116
1571 -7.51933
1572 -7.5275
1573 -7.53568
1574 -7.54385
1575 -7.55202
1576 -7.5602
1577 -7.56838
1578 -7.57656
1579 -7.58474
1580 -7.59292
1581 -7.6011
1582 -7.60928
1583 -7.61746
1584 -7.62565
1585 -7.63383
1586 -7.64202
1587 -7.65021
1588 -7.65839
1589 -7.66658
1590 -7.67477
1591 -7.68297
1592 -7.69116
1593 -7.69935
1594 -7.70755
1595 -7.71574
1596 -7.72394
1597 -7.73214
1598 -7.74033
1599 -7.74853
1600 -7.75673
1601 -7.76493
1602 -7.77314
1603 -7.78134
1604 -7.78954
1605 -7.79775
1606 -7.80596
1607 -7.81416
1608 -7.82237
1609 -7.83058
1610 -7.83879
1611 -7.847
1612 -7.85521
1613 -7.86343
1614 -7.87164
1615 -7.87986
1616 -7.88807
1617 -7.89629
1618 -7.90451
1619 -7.91273
1620 -7.92094
1621 -7.92917
1622 -7.93739
1623 -7.94561
1624 -7.95383
1625 -7.96206
1626 -7.97028
1627 -7.97851
1628 -7.98674
1629 -7.99496
1630 -8.00319
1631 -8.01142
1632 -8.01965
1633 -8.02789
1634 -8.03612
1635 -8.04435
1636 -8.05259
1637 -8.06082
1638 -8.06906
1639 -8.0773
1640 -8.08553
1641 -8.09377
1642 -8.10201
1643 -8.11025
1644 -8.11849
1645 -8.12674
1646 -8.13498
1647 -8.14323
1648 -8.15147
1649 -8.15972
1650 -8.16796
1651 -8.17621
1652 -8.18446
1653 -8.19271
1654 -8.20096
1655 -8.20921
1656 -8.21746
1657 -8.22572
1658 -8.23397
1659 -8.24223
1660 -8.25048
1661 -8.25874
1662 -8.267
1663 -8.27526
1664 -8.28351
1665 -8.29177
1666 -8.30004
1667 -8.3083
1668 -8.31656
1669 -8.32482
1670 -8.33309
1671 -8.34135
1672 -8.34962
1673 -8.35789
1674 -8.36615
1675 -8.37442
1676 -8.38269
1677 -8.39096
1678 -8.39923
1679 -8.40751
1680 -8.41578
1681 -8.42405
1682 -8.43233
1683 -8.4406
1684 -8.44888
1685 -8.45715
1686 -8.46543
1687 -8.47371
1688 -8.48199
1689 -8.49027
1690 -8.49855
1691 -8.50683
1692 -8.51512
1693 -8.5234
1694 -8.53168
1695 -8.53997
1696 -8.54825
1697 -8.55654
1698 -8.56483
1699 -8.57312
1700 -8.5814
1701 -8.58969
1702 -8.59798
1703 -8.60628
1704 -8.61457
1705 -8.62286
1706 -8.63116
1707 -8.63945
1708 -8.64774
1709 -8.65604
1710 -8.66434
1711 -8.67264
1712 -8.68093
1713 -8.68923
1714 -8.69753
1715 -8.70583
1716 -8.71413
1717 -8.72244
1718 -8.73074
1719 -8.73904
1720 -8.74735
1721 -8.75565
1722 -8.76396
1723 -8.77227
1724 -8.78057
1725 -8.78888
1726 -8.79719
1727 -8.8055
1728 -8.81381
1729 -8.82212
1730 -8.83043
1731 -8.83875
1732 -8.84706
1733 -8.85537
1734 -8.86369
1735 -8.87201
1736 -8.88032
1737 -8.88864
1738 -8.89696
1739 -8.90528
1740 -8.91359
1741 -8.92191
1742 -8.93024
1743 -8.93856
1744 -8.94688
1745 -8.9552
1746 -8.96353
1747 -8.97185
1748 -8.98018
1749 -8.9885
1750 -8.99683
1751 -9.00516
1752 -9.01348
1753 -9.02181
1754 -9.03014
1755 -9.03847
1756 -9.0468
1757 -9.05513
1758 -9.06347
1759 -9.0718
1760 -9.08013
1761 -9.08847
1762 -9.0968
1763 -9.10514
1764 -9.11347
1765 -9.12181
1766 -9.13015
1767 -9.13849
1768 -9.14683
1769 -9.15517
1770 -9.16351
1771 -9.17185
1772 -9.18019
1773 -9.18853
1774 -9.19687
1775 -9.20522
1776 -9.21356
1777 -9.22191
1778 -9.23025
1779 -9.2386
1780 -9.24695
1781 -9.2553
1782 -9.26364
1783 -9.27199
1784 -9.28034
1785 -9.28869
1786 -9.29704
1787 -9.3054
1788 -9.31375
1789 -9.3221
1790 -9.33046
1791 -9.33881
1792 -9.34717
1793 -9.35552
1794 -9.36388
1795 -9.37223
1796 -9.38059
1797 -9.38895
1798 -9.39731
1799 -9.40567
1800 -9.41403
1801 -9.42239
1802 -9.43075
1803 -9.43911
1804 -9.44748
1805 -9.45584
1806 -9.4642
1807 -9.47257
1808 -9.48093
1809 -9.4893
1810 -9.49767
1811 -9.50603
1812 -9.5144
1813 -9.52277
1814 -9.53114
1815 -9.53951
1816 -9.54788
1817 -9.55625
1818 -9.56462
1819 -9.57299
1820 -9.58136
1821 -9.58974
1822 -9.59811
1823 -9.60649
1824 -9.61486
1825 -9.62324
1826 -9.63161
1827 -9.63999
1828 -9.64837
1829 -9.65675
1830 -9.66513
1831 -9.6735
1832 -9.68188
1833 -9.69026
1834 -9.69865
1835 -9.70703
1836 -9.71541
1837 -9.72379
1838 -9.73218
1839 -9.74056
1840 -9.74894
1841 -9.75733
1842 -9.76572
1843 -9.7741
1844 -9.78249
1845 -9.79088
1846 -9.79926
1847 -9.80765
1848 -9.81604
1849 -9.82443
1850 -9.83282
1851 -9.84121
1852 -9.84961
1853 -9.858
1854 -9.86639
1855 -9.87478
1856 -9.88318
1857 -9.89157
1858 -9.89997
1859 -9.90836
1860 -9.91676
1861 -9.92515
1862 -9.93355
1863 -9.94195
1864 -9.95035
1865 -9.95875
1866 -9.96715
1867 -9.97555
1868 -9.98395
1869 -9.99235
1870 -10.0007
1871 -10.0092
1872 -10.0176
1873 -10.026
1874 -10.0344
1875 -10.0428
1876 -10.0512
1877 -10.0596
1878 -10.068
1879 -10.0764
1880 -10.0848
1881 -10.0932
1882 -10.1016
1883 -10.11
1884 -10.1184
1885 -10.1268
1886 -10.1352
1887 -10.1437
1888 -10.1521
1889 -10.1605
1890 -10.1689
1891 -10.1773
1892 -10.1857
1893 -10.1941
1894 -10.2025
1895 -10.211
1896 -10.2194
1897 -10.2278
1898 -10.2362
1899 -10.2446
1900 -10.253
1901 -10.2615
1902 -10.2699
1903 -10.2783
1904 -10.2867
1905 -10.2951
1906 -10.3036
1907 -10.312
1908 -10.3204
1909 -10.3288
1910 -10.3372
1911 -10.3457
1912 -10.3541
1913 -10.3625
1914 -10.3709
1915 -10.3794
1916 -10.3878
1917 -10.3962
1918 -10.4046
1919 -10.4131
1920 -10.4215
1921 -10.4299
1922 -10.4384
1923 -10.4468
1924 -10.4552
1925 -10.4636
1926 -10.4721
1927 -10.4805
1928 -10.4889
1929 -10.4974
1930 -10.5058
1931 -10.5142
1932 -10.5227
1933 -10.5311
1934 -10.5395
1935 -10.548
1936 -10.5564
1937 -10.5648
1938 -10.5733
1939 -10.5817
1940 -10.5901
1941 -10.5986
1942 -10.607
1943 -10.6155
1944 -10.6239
1945 -10.6323
1946 -10.6408
1947 -10.6492
1948 -10.6577
1949 -10.6661
1950 -10.6745
1951 -10.683
1952 -10.6914
1953 -10.6999
1954 -10.7083
1955 -10.7168
1956 -10.7252
1957 -10.7336
1958 -10.7421
1959 -10.7505
1960 -10.759
1961 -10.7674
1962 -10.7759
1963 -10.7843
1964 -10.7928
1965 -10.8012
1966 -10.8097
1967 -10.8181
1968 -10.8266
1969 -10.835
1970 -10.8435
1971 -10.8519
1972 -10.8604
1973 -10.8688
1974 -10.8773
1975 -10.8857
1976 -10.8942
1977 -10.9026
1978 -10.9111
1979 -10.9195
1980 -10.928
1981 -10.9365
1982 -10.9449
1983 -10.9534
1984 -10.9618
1985 -10.9703
1986 -10.9787
1987 -10.9872
1988 -10.9957
1989 -11.0041
1990 -11.0126
1991 -11.021
1992 -11.0295
1993 -11.038
1994 -11.0464
1995 -11.0549
1996 -11.0633
1997 -11.0718
1998 -11.0803
1999 -11.0887
2000 -11.0972
2001 -11.1056
2002 -11.1141
2003 -11.1226
2004 -11.131
2005 -11.1395
2006 -11.148
2007 -11.1564
2008 -11.1649
2009 -11.1734
2010 -11.1818
2011 -11.1903
2012 -11.1988
2013 -11.2072
2014 -11.2157
2015 -11.2242
2016 -11.2327
2017 -11.2411
2018 -11.2496
2019 -11.2581
2020 -11.2665
2021 -11.275
2022 -11.2835
2023 -11.292
2024 -11.3004
2025 -11.3089
2026 -11.3174
2027 -11.3258
2028 -11.3343
2029 -11.3428
2030 -11.3513
2031 -11.3597
2032 -11.3682
2033 -11.3767
2034 -11.3852
2035 -11.3937
2036 -11.4021
2037 -11.4106
2038 -11.4191
2039 -11.4276
2040 -11.436
2041 -11.4445
2042 -11.453
2043 -11.4615
2044 -11.47
2045 -11.4784
2046 -11.4869
2047 -11.4954
2048 -11.5039
2049 -11.5124
2050 -11.5209
2051 -11.5293
2052 -11.5378
2053 -11.5463
2054 -11.5548
2055 -11.5633
2056 -11.5718
2057 -11.5802
2058 -11.5887
2059 -11.5972
2060 -11.6057
2061 -11.6142
2062 -11.6227
2063 -11.6312
2064 -11.6396
2065 -11.6481
2066 -11.6566
2067 -11.6651
2068 -11.6736
2069 -11.6821
2070 -11.6906
2071 -11.6991
2072 -11.7076
2073 -11.7161
2074 -11.7245
2075 -11.733
2076 -11.7415
2077 -11.75
2078 -11.7585
2079 -11.767
2080 -11.7755
2081 -11.784
2082 -11.7925
2083 -11.801
2084 -11.8095
2085 -11.818
2086 -11.8265
2087 -11.835
2088 -11.8435
2089 -11.852
2090 -11.8604
2091 -11.8689
2092 -11.8774
2093 -11.8859
2094 -11.8944
2095 -11.9029
2096 -11.9114
2097 -11.9199
2098 -11.9284
2099 -11.9369
2100 -11.9454
2101 -11.9539
2102 -11.9624
2103 -11.9709
2104 -11.9794
2105 -11.9879
2106 -11.9964
2107 -12.0049
2108 -12.0134
2109 -12.0219
2110 -12.0305
2111 -12.039
2112 -12.0475
2113 -12.056
2114 -12.0645
2115 -12.073
2116 -12.0815
2117 -12.09
2118 -12.0985
2119 -12.107
2120 -12.1155
2121 -12.124
2122 -12.1325
2123 -12.141
2124 -12.1495
2125 -12.158
2126 -12.1665
2127 -12.1751
2128 -12.1836
2129 -12.1921
2130 -12.2006
2131 -12.2091
2132 -12.2176
2133 -12.2261
2134 -12.2346
2135 -12.2431
2136 -12.2516
2137 -12.2602
2138 -12.2687
2139 -12.2772
2140 -12.2857
2141 -12.2942
2142 -12.3027
2143 -12.3112
2144 -12.3197
2145 -12.3283
2146 -12.3368
2147 -12.3453
2148 -12.3538
2149 -12.3623
2150 -12.3708
2151 -12.3794
2152 -12.3879
2153 -12.3964
2154 -12.4049
2155 -12.4134
2156 -12.4219
2157 -12.4305
2158 -12.439
2159 -12.4475
2160 -12.456
2161 -12.4645
2162 -12.473
2163 -12.4816
2164 -12.4901
2165 -12.4986
2166 -12.5071
2167 -12.5156
2168 -12.5242
2169 -12.5327
2170 -12.5412
2171 -12.5497
2172 -12.5582
2173 -12.5668
2174 -12.5753
2175 -12.5838
2176 -12.5923
2177 -12.6009
2178 -12.6094
2179 -12.6179
2180 -12.6264
2181 -12.635
2182 -12.6435
2183 -12.652
2184 -12.6605
2185 -12.6691
2186 -12.6776
2187 -12.6861
2188 -12.6946
2189 -12.7032
2190 -12.7117
2191 -12.7202
2192 -12.7287
2193 -12.7373
2194 -12.7458
2195 -12.7543
2196 -12.7629
2197 -12.7714
2198 -12.7799
2199 -12.7884
2200 -12.797
2201 -12.8055
2202 -12.814
2203 -12.8226
2204 -12.8311
2205 -12.8396
2206 -12.8482
2207 -12.8567
2208 -12.8652
2209 -12.8737
2210 -12.8823
2211 -12.8908
2212 -12.8993
2213 -12.9079
2214 -12.9164
2215 -12.9249
2216 -12.9335
2217 -12.942
2218 -12.9505
2219 -12.9591
2220 -12.9676
2221 -12.9761
2222 -12.9847
2223 -12.9932
2224 -13.0018
2225 -13.0103
2226 -13.0188
2227 -13.0274
2228 -13.0359
2229 -13.0444
2230 -13.053
2231 -13.0615
2232 -13.07
2233 -13.0786
2234 -13.0871
2235 -13.0957
2236 -13.1042
2237 -13.1127
2238 -13.1213
2239 -13.1298
2240 -13.1384
2241 -13.1469
2242 -13.1554
2243 -13.164
2244 -13.1725
2245 -13.1811
2246 -13.1896
2247 -13.1981
2248 -13.2067
2249 -13.2152
2250 -13.2238
2251 -13.2323
2252 -13.2408
2253 -13.2494
2254 -13.2579
2255 -13.2665
2256 -13.275
2257 -13.2836
2258 -13.2921
2259 -13.3006
2260 -13.3092
2261 -13.3177
2262 -13.3263
2263 -13.3348
2264 -13.3434
2265 -13.3519
2266 -13.3605
2267 -13.369
2268 -13.3775
2269 -13.3861
2270 -13.3946
2271 -13.4032
2272 -13.4117
2273 -13.4203
2274 -13.4288
2275 -13.4374
2276 -13.4459
2277 -13.4545
2278 -13.463
2279 -13.4716
2280 -13.4801
2281 -13.4887
2282 -13.4972
2283 -13.5058
2284 -13.5143
2285 -13.5229
2286 -13.5314
2287 -13.54
2288 -13.5485
2289 -13.5571
2290 -13.5656
2291 -13.5742
2292 -13.5827
2293 -13.5913
2294 -13.5998
2295 -13.6084
2296 -13.6169
2297 -13.6255
2298 -13.634
2299 -13.6426
2300 -13.6511
2301 -13.6597
2302 -13.6682
2303 -13.6768
2304 -13.6853
2305 -13.6939
2306 -13.7025
2307 -13.711
2308 -13.7196
2309 -13.7281
2310 -13.7367
2311 -13.7452
2312 -13.7538
2313 -13.7623
2314 -13.7709
2315 -13.7795
2316 -13.788
2317 -13.7966
2318 -13.8051
2319 -13.8137
2320 -13.8222
2321 -13.8308
2322 -13.8393
2323 -13.8479
2324 -13.8565
2325 -13.865
2326 -13.8736
2327 -13.8821
2328 -13.8907
2329 -13.8993
2330 -13.9078
2331 -13.9164
2332 -13.9249
2333 -13.9335
2334 -13.942
2335 -13.9506
2336 -13.9592
2337 -13.9677
2338 -13.9763
2339 -13.9849
2340 -13.9934
2341 -14.002
2342 -14.0105
2343 -14.0191
2344 -14.0277
2345 -14.0362
2346 -14.0448
2347 -14.0533
2348 -14.0619
2349 -14.0705
2350 -14.079
2351 -14.0876
2352 -14.0962
2353 -14.1047
2354 -14.1133
2355 -14.1218
2356 -14.1304
2357 -14.139
2358 -14.1475
2359 -14.1561
2360 -14.1647
2361 -14.1732
2362 -14.1818
2363 -14.1904
2364 -14.1989
2365 -14.2075
2366 -14.2161
2367 -14.2246
2368 -14.2332
2369 -14.2418
2370 -14.2503
2371 -14.2589
2372 -14.2675
2373 -14.276
2374 -14.2846
2375 -14.2932
2376 -14.3017
2377 -14.3103
2378 -14.3189
2379 -14.3274
2380 -14.336
2381 -14.3446
2382 -14.3531
2383 -14.3617
2384 -14.3703
2385 -14.3788
2386 -14.3874
2387 -14.396
2388 -14.4045
2389 -14.4131
2390 -14.4217
2391 -14.4303
2392 -14.4388
2393 -14.4474
2394 -14.456
2395 -14.4645
2396 -14.4731
2397 -14.4817
2398 -14.4903
2399 -14.4988
2400 -14.5074
2401 -14.516
2402 -14.5245
2403 -14.5331
2404 -14.5417
2405 -14.5503
2406 -14.5588
2407 -14.5674
2408 -14.576
2409 -14.5845
2410 -14.5931
2411 -14.6017
2412 -14.6103
2413 -14.6188
2414 -14.6274
2415 -14.636
2416 -14.6446
2417 -14.6531
2418 -14.6617
2419 -14.6703
2420 -14.6789
2421 -14.6874
2422 -14.696
2423 -14.7046
2424 -14.7132
2425 -14.7217
2426 -14.7303
2427 -14.7389
2428 -14.7475
2429 -14.756
2430 -14.7646
2431 -14.7732
2432 -14.7818
2433 -14.7903
2434 -14.7989
2435 -14.8075
2436 -14.8161
2437 -14.8247
2438 -14.8332
2439 -14.8418
2440 -14.8504
2441 -14.859
2442 -14.8675
2443 -14.8761
2444 -14.8847
2445 -14.8933
2446 -14.9019
2447 -14.9104
2448 -14.919
2449 -14.9276
2450 -14.9362
2451 -14.9448
2452 -14.9533
2453 -14.9619
2454 -14.9705
2455 -14.9791
2456 -14.9877
2457 -14.9962
2458 -15.0048
2459 -15.0134
2460 -15.022
2461 -15.0306
2462 -15.0391
2463 -15.0477
2464 -15.0563
2465 -15.0649
2466 -15.0735
2467 -15.0821
2468 -15.0906
2469 -15.0992
2470 -15.1078
2471 -15.1164
2472 -15.125
2473 -15.1335
2474 -15.1421
2475 -15.1507
2476 -15.1593
2477 -15.1679
2478 -15.1765
2479 -15.185
2480 -15.1936
2481 -15.2022
2482 -15.2108
2483 -15.2194
2484 -15.228
2485 -15.2366
2486 -15.2451
2487 -15.2537
2488 -15.2623
2489 -15.2709
2490 -15.2795
2491 -15.2881
2492 -15.2966
2493 -15.3052
2494 -15.3138
2495 -15.3224
2496 -15.331
2497 -15.3396
2498 -15.3482
2499 -15.3567
2500 -15.3653
2501 -15.3739
2502 -15.3825
2503 -15.3911
2504 -15.3997
2505 -15.4083
2506 -15.4169
2507 -15.4254
2508 -15.434
2509 -15.4426
2510 -15.4512
2511 -15.4598
2512 -15.4684
2513 -15.477
2514 -15.4856
2515 -15.4941
2516 -15.5027
2517 -15.5113
2518 -15.5199
2519 -15.5285
2520 -15.5371
2521 -15.5457
2522 -15.5543
2523 -15.5629
2524 -15.5715
2525 -15.58
2526 -15.5886
2527 -15.5972
2528 -15.6058
2529 -15.6144
2530 -15.623
2531 -15.6316
2532 -15.6402
2533 -15.6488
2534 -15.6574
2535 -15.6659
2536 -15.6745
2537 -15.6831
2538 -15.6917
2539 -15.7003
2540 -15.7089
2541 -15.7175
2542 -15.7261
2543 -15.7347
2544 -15.7433
2545 -15.7519
2546 -15.7605
2547 -15.769
2548 -15.7776
2549 -15.7862
2550 -15.7948
2551 -15.8034
2552 -15.812
2553 -15.8206
2554 -15.8292
2555 -15.8378
2556 -15.8464
2557 -15.855
2558 -15.8636
2559 -15.8722
2560 -15.8808
2561 -15.8894
2562 -15.8979
2563 -15.9065
2564 -15.9151
2565 -15.9237
2566 -15.9323
2567 -15.9409
2568 -15.9495
2569 -15.9581
2570 -15.9667
2571 -15.9753
2572 -15.9839
2573 -15.9925
2574 -16.0011
2575 -16.0097
2576 -16.0183
2577 -16.0269
2578 -16.0355
2579 -16.0441
2580 -16.0527
2581 -16.0613
2582 -16.0699
2583 -16.0785
2584 -16.087
2585 -16.0956
2586 -16.1042
2587 -16.1128
2588 -16.1214
2589 -16.13
2590 -16.1386
2591 -16.1472
2592 -16.1558
2593 -16.1644
2594 -16.173
2595 -16.1816
2596 -16.1902
2597 -16.1988
2598 -16.2074
2599 -16.216
2600 -16.2246
2601 -16.2332
2602 -16.2418
2603 -16.2504
2604 -16.259
2605 -16.2676
2606 -16.2762
2607 -16.2848
2608 -16.2934
2609 -16.302
2610 -16.3106
2611 -16.3192
2612 -16.3278
2613 -16.3364
2614 -16.345
2615 -16.3536
2616 -16.3622
2617 -16.3708
2618 -16.3794
2619 -16.388
2620 -16.3966
2621 -16.4052
2622 -16.4138
2623 -16.4224
2624 -16.431
2625 -16.4396
2626 -16.4482
2627 -16.4568
2628 -16.4654
2629 -16.474
2630 -16.4826
2631 -16.4912
2632 -16.4998
2633 -16.5084
2634 -16.517
2635 -16.5256
2636 -16.5342
2637 -16.5428
2638 -16.5514
2639 -16.56
2640 -16.5686
2641 -16.5772
2642 -16.5858
2643 -16.5944
2644 -16.603
2645 -16.6116
2646 -16.6203
2647 -16.6289
2648 -16.6375
2649 -16.6461
2650 -16.6547
2651 -16.6633
2652 -16.6719
2653 -16.6805
2654 -16.6891
2655 -16.6977
2656 -16.7063
2657 -16.7149
2658 -16.7235
2659 -16.7321
2660 -16.7407
2661 -16.7493
2662 -16.7579
2663 -16.7665
2664 -16.7751
2665 -16.7837
2666 -16.7923
2667 -16.8009
2668 -16.8095
2669 -16.8182
2670 -16.8268
2671 -16.8354
2672 -16.844
2673 -16.8526
2674 -16.8612
2675 -16.8698
2676 -16.8784
2677 -16.887
2678 -16.8956
2679 -16.9042
2680 -16.9128
2681 -16.9214
2682 -16.93
2683 -16.9386
2684 -16.9472
2685 -16.9558
2686 -16.9645
2687 -16.9731
2688 -16.9817
2689 -16.9903
2690 -16.9989
2691 -17.0075
2692 -17.0161
2693 -17.0247
2694 -17.0333
2695 -17.0419
2696 -17.0505
2697 -17.0591
2698 -17.0677
2699 -17.0763
2700 -17.085
2701 -17.0936
2702 -17.1022
2703 -17.1108
2704 -17.1194
2705 -17.128
2706 -17.1366
2707 -17.1452
2708 -17.1538
2709 -17.1624
2710 -17.171
2711 -17.1797
2712 -17.1883
2713 -17.1969
2714 -17.2055
2715 -17.2141
2716 -17.2227
2717 -17.2313
2718 -17.2399
2719 -17.2485
2720 -17.2571
2721 -17.2657
2722 -17.2744
2723 -17.283
2724 -17.2916
2725 -17.3002
2726 -17.3088
2727 -17.3174
2728 -17.326
2729 -17.3346
2730 -17.3432
2731 -17.3518
2732 -17.3605
2733 -17.3691
2734 -17.3777
2735 -17.3863
2736 -17.3949
2737 -17.4035
2738 -17.4121
2739 -17.4207
2740 -17.4293
2741 -17.438
2742 -17.4466
2743 -17.4552
2744 -17.4638
2745 -17.4724
2746 -17.481
2747 -17.4896
2748 -17.4982
2749 -17.5068
2750 -17.5155
2751 -17.5241
2752 -17.5327
2753 -17.5413
2754 -17.5499
2755 -17.5585
2756 -17.5671
2757 -17.5757
2758 -17.5844
2759 -17.593
2760 -17.6016
2761 -17.6102
2762 -17.6188
2763 -17.6274
2764 -17.636
2765 -17.6447
2766 -17.6533
2767 -17.6619
2768 -17.6705
2769 -17.6791
2770 -17.6877
2771 -17.6963
2772 -17.7049
2773 -17.7136
2774 -17.7222
2775 -17.7308
2776 -17.7394
2777 -17.748
2778 -17.7566
2779 -17.7652
2780 -17.7739
2781 -17.7825
2782 -17.7911
2783 -17.7997
2784 -17.8083
2785 -17.8169
2786 -17.8255
2787 -17.8342
2788 -17.8428
2789 -17.8514
2790 -17.86
2791 -17.8686
2792 -17.8772
2793 -17.8858
2794 -17.8945
2795 -17.9031
2796 -17.9117
2797 -17.9203
2798 -17.9289
2799 -17.9375
2800 -17.9462
2801 -17.9548
2802 -17.9634
2803 -17.972
2804 -17.9806
2805 -17.9892
2806 -17.9978
2807 -18.0065
2808 -18.0151
2809 -18.0237
2810 -18.0323
2811 -18.0409
2812 -18.0495
2813 -18.0582
2814 -18.0668
2815 -18.0754
2816 -18.084
2817 -18.0926
2818 -18.1012
2819 -18.1099
2820 -18.1185
2821 -18.1271
2822 -18.1357
2823 -18.1443
2824 -18.1529
2825 -18.1616
2826 -18.1702
2827 -18.1788
2828 -18.1874
2829 -18.196
2830 -18.2047
2831 -18.2133
2832 -18.2219
2833 -18.2305
2834 -18.2391
2835 -18.2477
2836 -18.2564
2837 -18.265
2838 -18.2736
2839 -18.2822
2840 -18.2908
2841 -18.2994
2842 -18.3081
2843 -18.3167
2844 -18.3253
2845 -18.3339
2846 -18.3425
2847 -18.3512
2848 -18.3598
2849 -18.3684
2850 -18.377
2851 -18.3856
2852 -18.3943
2853 -18.4029
2854 -18.4115
2855 -18.4201
2856 -18.4287
2857 -18.4373
2858 -18.446
2859 -18.4546
2860 -18.4632
2861 -18.4718
2862 -18.4804
2863 -18.4891
2864 -18.4977
2865 -18.5063
2866 -18.5149
2867 -18.5235
2868 -18.5322
2869 -18.5408
2870 -18.5494
2871 -18.558
2872 -18.5666
2873 -18.5753
2874 -18.5839
2875 -18.5925
2876 -18.6011
2877 -18.6097
2878 -18.6184
2879 -18.627
2880 -18.6356
2881 -18.6442
2882 -18.6528
2883 -18.6615
2884 -18.6701
2885 -18.6787
2886 -18.6873
2887 -18.696
2888 -18.7046
2889 -18.7132
2890 -18.7218
2891 -18.7304
2892 -18.7391
2893 -18.7477
2894 -18.7563
2895 -18.7649
2896 -18.7735
2897 -18.7822
2898 -18.7908
2899 -18.7994
2900 -18.808
2901 -18.8167
2902 -18.8253
2903 -18.8339
2904 -18.8425
2905 -18.8511
2906 -18.8598
2907 -18.8684
2908 -18.877
2909 -18.8856
2910 -18.8942
2911 -18.9029
2912 -18.9115
2913 -18.9201
2914 -18.9287
2915 -18.9374
2916 -18.946
2917 -18.9546
2918 -18.9632
2919 -18.9719
2920 -18.9805
2921 -18.9891
2922 -18.9977
2923 -19.0063
2924 -19.015
2925 -19.0236
2926 -19.0322
2927 -19.0408
2928 -19.0495
2929 -19.0581
2930 -19.0667
2931 -19.0753
2932 -19.084
2933 -19.0926
2934 -19.1012
2935 -19.1098
2936 -19.1184
2937 -19.1271
2938 -19.1357
2939 -19.1443
2940 -19.1529
2941 -19.1616
2942 -19.1702
2943 -19.1788
2944 -19.1874
2945 -19.1961
2946 -19.2047
2947 -19.2133
2948 -19.2219
2949 -19.2306
2950 -19.2392
2951 -19.2478
2952 -19.2564
2953 -19.2651
2954 -19.2737
2955 -19.2823
2956 -19.2909
2957 -19.2995
2958 -19.3082
2959 -19.3168
2960 -19.3254
2961 -19.334
2962 -19.3427
2963 -19.3513
2964 -19.3599
2965 -19.3685
2966 -19.3772
2967 -19.3858
2968 -19.3944
2969 -19.403
2970 -19.4117
2971 -19.4203
2972 -19.4289
2973 -19.4375
2974 -19.4462
2975 -19.4548
2976 -19.4634
2977 -19.472
2978 -19.4807
2979 -19.4893
2980 -19.4979
2981 -19.5066
2982 -19.5152
2983 -19.5238
2984 -19.5324
2985 -19.5411
2986 -19.5497
2987 -19.5583
2988 -19.5669
2989 -19.5756
2990 -19.5842
2991 -19.5928
2992 -19.6014
2993 -19.6101
2994 -19.6187
2995 -19.6273
2996 -19.6359
2997 -19.6446
2998 -19.6532
2999 -19.6618
3000 -19.6704
3001 -19.6791
3002 -19.6877
3003 -19.6963
3004 -19.705
3005 -19.7136
3006 -19.7222
3007 -19.7308
3008 -19.7395
3009 -19.7481
3010 -19.7567
3011 -19.7653
3012 -19.774
3013 -19.7826
3014 -19.7912
3015 -19.7998
3016 -19.8085
3017 -19.8171
3018 -19.8257
3019 -19.8344
3020 -19.843
3021 -19.8516
3022 -19.8602
3023 -19.8689
3024 -19.8775
3025 -19.8861
3026 -19.8948
3027 -19.9034
3028 -19.912
3029 -19.9206
3030 -19.9293
3031 -19.9379
3032 -19.9465
3033 -19.9551
3034 -19.9638
3035 -19.9724
3036 -19.981
3037 -19.9897
3038 -19.9983
3039 -20.0069
3040 -20.0155
3041 -20.0242
3042 -20.0328
3043 -20.0414
3044 -20.0501
3045 -20.0587
3046 -20.0673
3047 -20.0759
3048 -20.0846
3049 -20.0932
3050 -20.1018
3051 -20.1105
3052 -20.1191
3053 -20.1277
3054 -20.1363
3055 -20.145
3056 -20.1536
3057 -20.1622
3058 -20.1709
3059 -20.1795
3060 -20.1881
3061 -20.1967
3062 -20.2054
3063 -20.214
3064 -20.2226
3065 -20.2313
3066 -20.2399
3067 -20.2485
3068 -20.2571
3069 -20.2658
3070 -20.2744
3071 -20.283
3072 -20.2917
3073 -20.3003
3074 -20.3089
3075 -20.3175
3076 -20.3262
3077 -20.3348
3078 -20.3434
3079 -20.3521
3080 -20.3607
3081 -20.3693
3082 -20.378
3083 -20.3866
3084 -20.3952
3085 -20.4038
3086 -20.4125
3087 -20.4211
3088 -20.4297
3089 -20.4384
3090 -20.447
3091 -20.4556
3092 -20.4643
3093 -20.4729
3094 -20.4815
3095 -20.4901
3096 -20.4988
3097 -20.5074
3098 -20.516
3099 -20.5247
3100 -20.5333
3101 -20.5419
3102 -20.5506
3103 -20.5592
3104 -20.5678
3105 -20.5764
3106 -20.5851
3107 -20.5937
3108 -20.6023
3109 -20.611
3110 -20.6196
3111 -20.6282
3112 -20.6369
3113 -20.6455
3114 -20.6541
3115 -20.6628
3116 -20.6714
3117 -20.68
3118 -20.6886
3119 -20.6973
3120 -20.7059
3121 -20.7145
3122 -20.7232
3123 -20.7318
3124 -20.7404
3125 -20.7491
3126 -20.7577
3127 -20.7663
3128 -20.775
3129 -20.7836
3130 -20.7922
3131 -20.8009
3132 -20.8095
3133 -20.8181
3134 -20.8267
3135 -20.8354
3136 -20.844
3137 -20.8526
3138 -20.8613
3139 -20.8699
3140 -20.8785
3141 -20.8872
3142 -20.8958
3143 -20.9044
3144 -20.9131
3145 -20.9217
3146 -20.9303
3147 -20.939
3148 -20.9476
3149 -20.9562
3150 -20.9649
3151 -20.9735
3152 -20.9821
3153 -20.9908
3154 -20.9994
3155 -21.008
3156 -21.0166
3157 -21.0253
3158 -21.0339
3159 -21.0425
3160 -21.0512
3161 -21.0598
3162 -21.0684
3163 -21.0771
3164 -21.0857
3165 -21.0943
3166 -21.103
3167 -21.1116
3168 -21.1202
3169 -21.1289
3170 -21.1375
3171 -21.1461
3172 -21.1548
3173 -21.1634
3174 -21.172
3175 -21.1807
3176 -21.1893
3177 -21.1979
3178 -21.2066
3179 -21.2152
3180 -21.2238
3181 -21.2325
3182 -21.2411
3183 -21.2497
3184 -21.2584
3185 -21.267
3186 -21.2756
3187 -21.2843
3188 -21.2929
3189 -21.3015
3190 -21.3102
3191 -21.3188
3192 -21.3274
3193 -21.3361
3194 -21.3447
3195 -21.3533
3196 -21.362
3197 -21.3706
3198 -21.3792
3199 -21.3879
3200 -21.3965
3201 -21.4051
3202 -21.4138
3203 -21.4224
3204 -21.431
3205 -21.4397
3206 -21.4483
3207 -21.4569
3208 -21.4656
3209 -21.4742
3210 -21.4828
3211 -21.4915
3212 -21.5001
3213 -21.5087
3214 -21.5174
3215 -21.526
3216 -21.5346
3217 -21.5433
3218 -21.5519
3219 -21.5605
3220 -21.5692
3221 -21.5778
3222 -21.5864
3223 -21.5951
3224 -21.6037
3225 -21.6123
3226 -21.621
3227 -21.6296
3228 -21.6382
3229 -21.6469
3230 -21.6555
3231 -21.6641
3232 -21.6728
3233 -21.6814
3234 -21.69
3235 -21.6987
3236 -21.7073
3237 -21.7159
3238 -21.7246
3239 -21.7332
3240 -21.7418
3241 -21.7505
3242 -21.7591
3243 -21.7678
3244 -21.7764
3245 -21.785
3246 -21.7937
3247 -21.8023
3248 -21.8109
3249 -21.8196
3250 -21.8282
3251 -21.8368
3252 -21.8455
3253 -21.8541
3254 -21.8627
3255 -21.8714
3256 -21.88
3257 -21.8886
3258 -21.8973
3259 -21.9059
3260 -21.9145
3261 -21.9232
3262 -21.9318
3263 -21.9404
3264 -21.9491
3265 -21.9577
3266 -21.9664
3267 -21.975
3268 -21.9836
3269 -21.9923
3270 -22.0009
3271 -22.0095
3272 -22.0182
3273 -22.0268
3274 -22.0354
3275 -22.0441
3276 -22.0527
3277 -22.0613
3278 -22.07
3279 -22.0786
3280 -22.0872
3281 -22.0959
3282 -22.1045
3283 -22.1132
3284 -22.1218
3285 -22.1304
3286 -22.1391
3287 -22.1477
3288 -22.1563
3289 -22.165
3290 -22.1736
3291 -22.1822
3292 -22.1909
3293 -22.1995
3294 -22.2081
3295 -22.2168
3296 -22.2254
3297 -22.234
3298 -22.2427
3299 -22.2513
3300 -22.26
3301 -22.2686
3302 -22.2772
3303 -22.2859
3304 -22.2945
3305 -22.3031
3306 -22.3118
3307 -22.3204
3308 -22.329
3309 -22.3377
3310 -22.3463
3311 -22.355
3312 -22.3636
3313 -22.3722
3314 -22.3809
3315 -22.3895
3316 -22.3981
3317 -22.4068
3318 -22.4154
3319 -22.424
3320 -22.4327
3321 -22.4413
3322 -22.45
3323 -22.4586
3324 -22.4672
3325 -22.4759
3326 -22.4845
3327 -22.4931
3328 -22.5018
3329 -22.5104
3330 -22.519
3331 -22.5277
3332 -22.5363
3333 -22.545
3334 -22.5536
3335 -22.5622
3336 -22.5709
3337 -22.5795
3338 -22.5881
3339 -22.5968
3340 -22.6054
3341 -22.614
3342 -22.6227
3343 -22.6313
3344 -22.64
3345 -22.6486
3346 -22.6572
3347 -22.6659
3348 -22.6745
3349 -22.6831
3350 -22.6918
3351 -22.7004
3352 -22.709
3353 -22.7177
3354 -22.7263
3355 -22.735
3356 -22.7436
3357 -22.7522
3358 -22.7609
3359 -22.7695
3360 -22.7781
3361 -22.7868
3362 -22.7954
3363 -22.8041
3364 -22.8127
3365 -22.8213
3366 -22.83
3367 -22.8386
3368 -22.8472
3369 -22.8559
3370 -22.8645
3371 -22.8732
3372 -22.8818
3373 -22.8904
3374 -22.8991
3375 -22.9077
3376 -22.9163
3377 -22.925
3378 -22.9336
3379 -22.9423
3380 -22.9509
3381 -22.9595
3382 -22.9682
3383 -22.9768
3384 -22.9854
3385 -22.9941
3386 -23.0027
3387 -23.0114
3388 -23.02
3389 -23.0286
3390 -23.0373
3391 -23.0459
3392 -23.0545
3393 -23.0632
3394 -23.0718
3395 -23.0805
3396 -23.0891
3397 -23.0977
3398 -23.1064
3399 -23.115
3400 -23.1236
3401 -23.1323
3402 -23.1409
3403 -23.1496
3404 -23.1582
3405 -23.1668
3406 -23.1755
3407 -23.1841
3408 -23.1927
3409 -23.2014
3410 -23.21
3411 -23.2187
3412 -23.2273
3413 -23.2359
3414 -23.2446
3415 -23.2532
3416 -23.2619
3417 -23.2705
3418 -23.2791
3419 -23.2878
3420 -23.2964
3421 -23.305
3422 -23.3137
3423 -23.3223
3424 -23.331
3425 -23.3396
3426 -23.3482
3427 -23.3569
3428 -23.3655
3429 -23.3741
3430 -23.3828
3431 -23.3914
3432 -23.4001
3433 -23.4087
3434 -23.4173
3435 -23.426
3436 -23.4346
3437 -23.4433
3438 -23.4519
3439 -23.4605
3440 -23.4692
3441 -23.4778
3442 -23.4864
3443 -23.4951
3444 -23.5037
3445 -23.5124
3446 -23.521
3447 -23.5296
3448 -23.5383
3449 -23.5469
3450 -23.5556
3451 -23.5642
3452 -23.5728
3453 -23.5815
3454 -23.5901
3455 -23.5987
3456 -23.6074
3457 -23.616
3458 -23.6247
3459 -23.6333
3460 -23.6419
3461 -23.6506
3462 -23.6592
3463 -23.6679
3464 -23.6765
3465 -23.6851
3466 -23.6938
3467 -23.7024
3468 -23.7111
3469 -23.7197
3470 -23.7283
3471 -23.737
3472 -23.7456
3473 -23.7542
3474 -23.7629
3475 -23.7715
3476 -23.7802
3477 -23.7888
3478 -23.7974
3479 -23.8061
3480 -23.8147
3481 -23.8234
3482 -23.832
3483 -23.8406
3484 -23.8493
3485 -23.8579
3486 -23.8666
3487 -23.8752
3488 -23.8838
3489 -23.8925
3490 -23.9011
3491 -23.9097
3492 -23.9184
3493 -23.927
3494 -23.9357
3495 -23.9443
3496 -23.9529
3497 -23.9616
3498 -23.9702
3499 -23.9789
3500 -23.9875
3501 -23.9961
3502 -24.0048
3503 -24.0134
3504 -24.0221
3505 -24.0307
3506 -24.0393
3507 -24.048
3508 -24.0566
3509 -24.0653
3510 -24.0739
3511 -24.0825
3512 -24.0912
3513 -24.0998
3514 -24.1085
3515 -24.1171
3516 -24.1257
3517 -24.1344
3518 -24.143
3519 -24.1517
3520 -24.1603
3521 -24.1689
3522 -24.1776
3523 -24.1862
3524 -24.1949
3525 -24.2035
3526 -24.2121
3527 -24.2208
3528 -24.2294
3529 -24.2381
3530 -24.2467
3531 -24.2553
3532 -24.264
3533 -24.2726
3534 -24.2812
3535 -24.2899
3536 -24.2985
3537 -24.3072
3538 -24.3158
3539 -24.3244
3540 -24.3331
3541 -24.3417
3542 -24.3504
3543 -24.359
3544 -24.3676
3545 -24.3763
3546 -24.3849
3547 -24.3936
3548 -24.4022
3549 -24.4108
3550 -24.4195
3551 -24.4281
3552 -24.4368
3553 -24.4454
3554 -24.454
3555 -24.4627
3556 -24.4713
3557 -24.48
3558 -24.4886
3559 -24.4972
3560 -24.5059
3561 -24.5145
3562 -24.5232
3563 -24.5318
3564 -24.5404
3565 -24.5491
3566 -24.5577
3567 -24.5664
3568 -24.575
3569 -24.5836
3570 -24.5923
3571 -24.6009
3572 -24.6096
3573 -24.6182
3574 -24.6269
3575 -24.6355
3576 -24.6441
3577 -24.6528
3578 -24.6614
3579 -24.6701
3580 -24.6787
3581 -24.6873
3582 -24.696
3583 -24.7046
3584 -24.7133
3585 -24.7219
3586 -24.7305
3587 -24.7392
3588 -24.7478
3589 -24.7565
3590 -24.7651
3591 -24.7737
3592 -24.7824
3593 -24.791
3594 -24.7997
3595 -24.8083
3596 -24.8169
3597 -24.8256
3598 -24.8342
3599 -24.8429
3600 -24.8515
3601 -24.8601
3602 -24.8688
3603 -24.8774
3604 -24.8861
3605 -24.8947
3606 -24.9033
3607 -24.912
3608 -24.9206
3609 -24.9293
3610 -24.9379
3611 -24.9465
3612 -24.9552
3613 -24.9638
3614 -24.9725
3615 -24.9811
3616 -24.9898
3617 -24.9984
3618 -25.007
3619 -25.0157
3620 -25.0243
3621 -25.033
3622 -25.0416
3623 -25.0502
3624 -25.0589
3625 -25.0675
3626 -25.0762
3627 -25.0848
3628 -25.0934
3629 -25.1021
3630 -25.1107
3631 -25.1194
3632 -25.128
3633 -25.1366
3634 -25.1453
3635 -25.1539
3636 -25.1626
3637 -25.1712
3638 -25.1799
3639 -25.1885
3640 -25.1971
3641 -25.2058
3642 -25.2144
3643 -25.2231
3644 -25.2317
3645 -25.2403
3646 -25.249
3647 -25.2576
3648 -25.2663
3649 -25.2749
3650 -25.2835
3651 -25.2922
3652 -25.3008
3653 -25.3095
3654 -25.3181
3655 -25.3268
3656 -25.3354
3657 -25.344
3658 -25.3527
3659 -25.3613
3660 -25.37
3661 -25.3786
3662 -25.3872
3663 -25.3959
3664 -25.4045
3665 -25.4132
3666 -25.4218
3667 -25.4304
3668 -25.4391
3669 -25.4477
3670 -25.4564
3671 -25.465
3672 -25.4737
3673 -25.4823
3674 -25.4909
3675 -25.4996
3676 -25.5082
3677 -25.5169
3678 -25.5255
3679 -25.5341
3680 -25.5428
3681 -25.5514
3682 -25.5601
3683 -25.5687
3684 -25.5773
3685 -25.586
3686 -25.5946
3687 -25.6033
3688 -25.6119
3689 -25.6206
3690 -25.6292
3691 -25.6378
3692 -25.6465
3693 -25.6551
3694 -25.6638
3695 -25.6724
3696 -25.681
3697 -25.6897
3698 -25.6983
3699 -25.707
3700 -25.7156
3701 -25.7243
3702 -25.7329
3703 -25.7415
3704 -25.7502
3705 -25.7588
3706 -25.7675
3707 -25.7761
3708 -25.7847
3709 -25.7934
3710 -25.802
3711 -25.8107
3712 -25.8193
3713 -25.828
3714 -25.8366
3715 -25.8452
3716 -25.8539
3717 -25.8625
3718 -25.8712
3719 -25.8798
3720 -25.8884
3721 -25.8971
3722 -25.9057
3723 -25.9144
3724 -25.923
3725 -25.9317
3726 -25.9403
3727 -25.9489
3728 -25.9576
3729 -25.9662
3730 -25.9749
3731 -25.9835
3732 -25.9921
3733 -26.0008
3734 -26.0094
3735 -26.0181
3736 -26.0267
3737 -26.0354
3738 -26.044
3739 -26.0526
3740 -26.0613
3741 -26.0699
3742 -26.0786
3743 -26.0872
3744 -26.0958
3745 -26.1045
3746 -26.1131
3747 -26.1218
3748 -26.1304
3749 -26.1391
3750 -26.1477
3751 -26.1563
3752 -26.165
3753 -26.1736
3754 -26.1823
3755 -26.1909
3756 -26.1996
3757 -26.2082
3758 -26.2168
3759 -26.2255
3760 -26.2341
3761 -26.2428
3762 -26.2514
3763 -26.26
3764 -26.2687
3765 -26.2773
3766 -26.286
3767 -26.2946
3768 -26.3033
3769 -26.3119
3770 -26.3205
3771 -26.3292
3772 -26.3378
3773 -26.3465
3774 -26.3551
3775 -26.3638
3776 -26.3724
3777 -26.381
3778 -26.3897
3779 -26.3983
3780 -26.407
3781 -26.4156
3782 -26.4242
3783 -26.4329
3784 -26.4415
3785 -26.4502
3786 -26.4588
3787 -26.4675
3788 -26.4761
3789 -26.4847
3790 -26.4934
3791 -26.502
3792 -26.5107
3793 -26.5193
3794 -26.528
3795 -26.5366
3796 -26.5452
3797 -26.5539
3798 -26.5625
3799 -26.5712
3800 -26.5798
3801 -26.5885
3802 -26.5971
3803 -26.6057
3804 -26.6144
3805 -26.623
3806 -26.6317
3807 -26.6403
3808 -26.6489
3809 -26.6576
3810 -26.6662
3811 -26.6749
3812 -26.6835
3813 -26.6922
3814 -26.7008
3815 -26.7094
3816 -26.7181
3817 -26.7267
3818 -26.7354
3819 -26.744
3820 -26.7527
3821 -26.7613
3822 -26.7699
3823 -26.7786
3824 -26.7872
3825 -26.7959
3826 -26.8045
3827 -26.8132
3828 -26.8218
3829 -26.8304
3830 -26.8391
3831 -26.8477
3832 -26.8564
3833 -26.865
3834 -26.8737
3835 -26.8823
3836 -26.8909
3837 -26.8996
3838 -26.9082
3839 -26.9169
3840 -26.9255
3841 -26.9342
3842 -26.9428
3843 -26.9514
3844 -26.9601
3845 -26.9687
3846 -26.9774
3847 -26.986
3848 -26.9947
3849 -27.0033
3850 -27.0119
3851 -27.0206
3852 -27.0292
3853 -27.0379
3854 -27.0465
3855 -27.0551
3856 -27.0638
3857 -27.0724
3858 -27.0811
3859 -27.0897
3860 -27.0984
3861 -27.107
3862 -27.1156
3863 -27.1243
3864 -27.1329
3865 -27.1416
3866 -27.1502
3867 -27.1589
3868 -27.1675
3869 -27.1761
3870 -27.1848
3871 -27.1934
3872 -27.2021
3873 -27.2107
3874 -27.2194
3875 -27.228
3876 -27.2366
3877 -27.2453
3878 -27.2539
3879 -27.2626
3880 -27.2712
3881 -27.2799
3882 -27.2885
3883 -27.2971
3884 -27.3058
3885 -27.3144
3886 -27.3231
3887 -27.3317
3888 -27.3404
3889 -27.349
3890 -27.3576
3891 -27.3663
3892 -27.3749
3893 -27.3836
3894 -27.3922
3895 -27.4009
3896 -27.4095
3897 -27.4181
3898 -27.4268
3899 -27.4354
3900 -27.4441
3901 -27.4527
3902 -27.4614
3903 -27.47
3904 -27.4787
3905 -27.4873
3906 -27.4959
3907 -27.5046
3908 -27.5132
3909 -27.5219
3910 -27.5305
3911 -27.5392
3912 -27.5478
3913 -27.5564
3914 -27.5651
3915 -27.5737
3916 -27.5824
3917 -27.591
3918 -27.5997
3919 -27.6083
3920 -27.6169
3921 -27.6256
3922 -27.6342
3923 -27.6429
3924 -27.6515
3925 -27.6602
3926 -27.6688
3927 -27.6774
3928 -27.6861
3929 -27.6947
3930 -27.7034
3931 -27.712
3932 -27.7207
3933 -27.7293
3934 -27.7379
3935 -27.7466
3936 -27.7552
3937 -27.7639
3938 -27.7725
3939 -27.7812
3940 -27.7898
3941 -27.7984
3942 -27.8071
3943 -27.8157
3944 -27.8244
3945 -27.833
3946 -27.8417
3947 -27.8503
3948 -27.8589
3949 -27.8676
3950 -27.8762
3951 -27.8849
3952 -27.8935
3953 -27.9022
3954 -27.9108
3955 -27.9195
3956 -27.9281
3957 -27.9367
3958 -27.9454
3959 -27.954
3960 -27.9627
3961 -27.9713
3962 -27.98
3963 -27.9886
3964 -27.9972
3965 -28.0059
3966 -28.0145
3967 -28.0232
3968 -28.0318
3969 -28.0405
3970 -28.0491
3971 -28.0577
3972 -28.0664
3973 -28.075
3974 -28.0837
3975 -28.0923
3976 -28.101
3977 -28.1096
3978 -28.1182
3979 -28.1269
3980 -28.1355
3981 -28.1442
3982 -28.1528
3983 -28.1615
3984 -28.1701
3985 -28.1788
3986 -28.1874
3987 -28.196
3988 -28.2047
3989 -28.2133
3990 -28.222
3991 -28.2306
3992 -28.2393
3993 -28.2479
3994 -28.2565
3995 -28.2652
3996 -28.2738
3997 -28.2825
3998 -28.2911
3999 -28.2998
4000 -28.3084
4001 -28.317
4002 -28.3257
4003 -28.3343
4004 -28.343
4005 -28.3516
4006 -28.3603
4007 -28.3689
4008 -28.3776
4009 -28.3862
4010 -28.3948
4011 -28.4035
4012 -28.4121
4013 -28.4208
4014 -28.4294
4015 -28.4381
4016 -28.4467
4017 -28.4553
4018 -28.464
4019 -28.4726
4020 -28.4813
4021 -28.4899
4022 -28.4986
4023 -28.5072
4024 -28.5158
4025 -28.5245
4026 -28.5331
4027 -28.5418
4028 -28.5504
4029 -28.5591
4030 -28.5677
4031 -28.5764
4032 -28.585
4033 -28.5936
4034 -28.6023
4035 -28.6109
4036 -28.6196
4037 -28.6282
4038 -28.6369
4039 -28.6455
4040 -28.6541
4041 -28.6628
4042 -28.6714
4043 -28.6801
4044 -28.6887
4045 -28.6974
4046 -28.706
4047 -28.7147
4048 -28.7233
4049 -28.7319
4050 -28.7406
4051 -28.7492
4052 -28.7579
4053 -28.7665
4054 -28.7752
4055 -28.7838
4056 -28.7924
4057 -28.8011
4058 -28.8097
4059 -28.8184
4060 -28.827
4061 -28.8357
4062 -28.8443
4063 -28.853
4064 -28.8616
4065 -28.8702
4066 -28.8789
4067 -28.8875
4068 -28.8962
4069 -28.9048
4070 -28.9135
4071 -28.9221
4072 -28.9307
4073 -28.9394
4074 -28.948
4075 -28.9567
4076 -28.9653
4077 -28.974
4078 -28.9826
4079 -28.9913
4080 -28.9999
4081 -29.0085
4082 -29.0172
4083 -29.0258
4084 -29.0345
4085 -29.0431
4086 -29.0518
4087 -29.0604
4088 -29.069
4089 -29.0777
4090 -29.0863
4091 -29.095
4092 -29.1036
4093 -29.1123
4094 -29.1209
4095 -29.1296
4096 -29.1382
4097 -29.1468
4098 -29.1555
4099 -29.1641
4100 -29.1728
4101 -29.1814
4102 -29.1901
4103 -29.1987
4104 -29.2073
4105 -29.216
4106 -29.2246
4107 -29.2333
4108 -29.2419
4109 -29.2506
4110 -29.2592
4111 -29.2679
4112 -29.2765
4113 -29.2851
4114 -29.2938
4115 -29.3024
4116 -29.3111
4117 -29.3197
4118 -29.3284
4119 -29.337
4120 -29.3456
4121 -29.3543
4122 -29.3629
4123 -29.3716
4124 -29.3802
4125 -29.3889
4126 -29.3975
4127 -29.4062
4128 -29.4148
4129 -29.4234
4130 -29.4321
4131 -29.4407
4132 -29.4494
4133 -29.458
4134 -29.4667
4135 -29.4753
4136 -29.484
4137 -29.4926
4138 -29.5012
4139 -29.5099
4140 -29.5185
4141 -29.5272
4142 -29.5358
4143 -29.5445
4144 -29.5531
4145 -29.5617
4146 -29.5704
4147 -29.579
4148 -29.5877
4149 -29.5963
4150 -29.605
4151 -29.6136
4152 -29.6223
4153 -29.6309
4154 -29.6395
4155 -29.6482
4156 -29.6568
4157 -29.6655
4158 -29.6741
4159 -29.6828
4160 -29.6914
4161 -29.7001
4162 -29.7087
4163 -29.7173
4164 -29.726
4165 -29.7346
4166 -29.7433
4167 -29.7519
4168 -29.7606
4169 -29.7692
4170 -29.7779
4171 -29.7865
4172 -29.7951
4173 -29.8038
4174 -29.8124
4175 -29.8211
4176 -29.8297
4177 -29.8384
4178 -29.847
4179 -29.8556
4180 -29.8643
4181 -29.8729
4182 -29.8816
4183 -29.8902
4184 -29.8989
4185 -29.9075
4186 -29.9162
4187 -29.9248
4188 -29.9334
4189 -29.9421
4190 -29.9507
4191 -29.9594
4192 -29.968
4193 -29.9767
4194 -29.9853
4195 -29.994
4196 -30.0026
4197 -30.0112
4198 -30.0199
4199 -30.0285
4200 -30.0372
4201 -30.0458
4202 -30.0545
4203 -30.0631
4204 -30.0718
4205 -30.0804
4206 -30.089
4207 -30.0977
4208 -30.1063
4209 -30.115
4210 -30.1236
4211 -30.1323
4212 -30.1409
4213 -30.1496
4214 -30.1582
4215 -30.1668
4216 -30.1755
4217 -30.1841
4218 -30.1928
4219 -30.2014
4220 -30.2101
4221 -30.2187
4222 -30.2273
4223 -30.236
4224 -30.2446
4225 -30.2533
4226 -30.2619
4227 -30.2706
4228 -30.2792
4229 -30.2879
4230 -30.2965
4231 -30.3051
4232 -30.3138
4233 -30.3224
4234 -30.3311
4235 -30.3397
4236 -30.3484
4237 -30.357
4238 -30.3657
4239 -30.3743
4240 -30.3829
4241 -30.3916
4242 -30.4002
4243 -30.4089
4244 -30.4175
4245 -30.4262
4246 -30.4348
4247 -30.4435
4248 -30.4521
4249 -30.4607
4250 -30.4694
4251 -30.478
4252 -30.4867
4253 -30.4953
4254 -30.504
4255 -30.5126
4256 -30.5213
4257 -30.5299
4258 -30.5385
4259 -30.5472
4260 -30.5558
4261 -30.5645
4262 -30.5731
4263 -30.5818
4264 -30.5904
4265 -30.5991
4266 -30.6077
4267 -30.6163
4268 -30.625
4269 -30.6336
4270 -30.6423
4271 -30.6509
4272 -30.6596
4273 -30.6682
4274 -30.6769
4275 -30.6855
4276 -30.6941
4277 -30.7028
4278 -30.7114
4279 -30.7201
4280 -30.7287
4281 -30.7374
4282 -30.746
4283 -30.7547
4284 -30.7633
4285 -30.7719
4286 -30.7806
4287 -30.7892
4288 -30.7979
4289 -30.8065
4290 -30.8152
4291 -30.8238
4292 -30.8325
4293 -30.8411
4294 -30.8497
4295 -30.8584
4296 -30.867
4297 -30.8757
4298 -30.8843
4299 -30.893
4300 -30.9016
4301 -30.9103
4302 -30.9189
4303 -30.9275
4304 -30.9362
4305 -30.9448
4306 -30.9535
4307 -30.9621
4308 -30.9708
4309 -30.9794
4310 -30.9881
4311 -30.9967
4312 -31.0053
4313 -31.014
4314 -31.0226
4315 -31.0313
4316 -31.0399
4317 -31.0486
4318 -31.0572
4319 -31.0659
4320 -31.0745
4321 -31.0831
4322 -31.0918
4323 -31.1004
4324 -31.1091
4325 -31.1177
4326 -31.1264
4327 -31.135
4328 -31.1437
4329 -31.1523
4330 -31.1609
4331 -31.1696
4332 -31.1782
4333 -31.1869
4334 -31.1955
4335 -31.2042
4336 -31.2128
4337 -31.2215
4338 -31.2301
4339 -31.2387
4340 -31.2474
4341 -31.256
4342 -31.2647
4343 -31.2733
4344 -31.282
4345 -31.2906
4346 -31.2993
4347 -31.3079
4348 -31.3165
4349 -31.3252
4350 -31.3338
4351 -31.3425
4352 -31.3511
4353 -31.3598
4354 -31.3684
4355 -31.3771
4356 -31.3857
4357 -31.3943
4358 -31.403
4359 -31.4116
4360 -31.4203
4361 -31.4289
4362 -31.4376
4363 -31.4462
4364 -31.4549
4365 -31.4635
4366 -31.4721
4367 -31.4808
4368 -31.4894
4369 -31.4981
4370 -31.5067
4371 -31.5154
4372 -31.524
4373 -31.5327
4374 -31.5413
4375 -31.5499
4376 -31.5586
4377 -31.5672
4378 -31.5759
4379 -31.5845
4380 -31.5932
4381 -31.6018
4382 -31.6105
4383 -31.6191
4384 -31.6277
4385 -31.6364
4386 -31.645
4387 -31.6537
4388 -31.6623
4389 -31.671
4390 -31.6796
4391 -31.6883
4392 -31.6969
4393 -31.7056
4394 -31.7142
4395 -31.7228
4396 -31.7315
4397 -31.7401
4398 -31.7488
4399 -31.7574
4400 -31.7661
4401 -31.7747
4402 -31.7834
4403 -31.792
4404 -31.8006
4405 -31.8093
4406 -31.8179
4407 -31.8266
4408 -31.8352
4409 -31.8439
4410 -31.8525
4411 -31.8612
4412 -31.8698
4413 -31.8784
4414 -31.8871
4415 -31.8957
4416 -31.9044
4417 -31.913
4418 -31.9217
4419 -31.9303
4420 -31.939
4421 -31.9476
4422 -31.9562
4423 -31.9649
4424 -31.9735
4425 -31.9822
4426 -31.9908
4427 -31.9995
4428 -32.0081
4429 -32.0168
4430 -32.0254
4431 -32.034
4432 -32.0427
4433 -32.0513
4434 -32.06
4435 -32.0686
4436 -32.0773
4437 -32.0859
4438 -32.0946
4439 -32.1032
4440 -32.1119
4441 -32.1205
4442 -32.1291
4443 -32.1378
4444 -32.1464
4445 -32.1551
4446 -32.1637
4447 -32.1724
4448 -32.181
4449 -32.1897
4450 -32.1983
4451 -32.2069
4452 -32.2156
4453 -32.2242
4454 -32.2329
4455 -32.2415
4456 -32.2502
4457 -32.2588
4458 -32.2675
4459 -32.2761
4460 -32.2847
4461 -32.2934
4462 -32.302
4463 -32.3107
4464 -32.3193
4465 -32.328
4466 -32.3366
4467 -32.3453
4468 -32.3539
4469 -32.3625
4470 -32.3712
4471 -32.3798
4472 -32.3885
4473 -32.3971
4474 -32.4058
4475 -32.4144
4476 -32.4231
4477 -32.4317
4478 -32.4404
4479 -32.449
4480 -32.4576
4481 -32.4663
4482 -32.4749
4483 -32.4836
4484 -32.4922
4485 -32.5009
4486 -32.5095
4487 -32.5182
4488 -32.5268
4489 -32.5354
4490 -32.5441
4491 -32.5527
4492 -32.5614
4493 -32.57
4494 -32.5787
4495 -32.5873
4496 -32.596
4497 -32.6046
4498 -32.6132
4499 -32.6219
4500 -32.6305
4501 -32.6392
4502 -32.6478
4503 -32.6565
4504 -32.6651
4505 -32.6738
4506 -32.6824
4507 -32.6911
4508 -32.6997
4509 -32.7083
4510 -32.717
4511 -32.7256
4512 -32.7343
4513 -32.7429
4514 -32.7516
4515 -32.7602
4516 -32.7689
4517 -32.7775
4518 -32.7861
4519 -32.7948
4520 -32.8034
4521 -32.8121
4522 -32.8207
4523 -32.8294
4524 -32.838
4525 -32.8467
4526 -32.8553
4527 -32.8639
4528 -32.8726
4529 -32.8812
4530 -32.8899
4531 -32.8985
4532 -32.9072
4533 -32.9158
4534 -32.9245
4535 -32.9331
4536 -32.9418
4537 -32.9504
4538 -32.959
4539 -32.9677
4540 -32.9763
4541 -32.985
4542 -32.9936
4543 -33.0023
4544 -33.0109
4545 -33.0196
4546 -33.0282
4547 -33.0368
4548 -33.0455
4549 -33.0541
4550 -33.0628
4551 -33.0714
4552 -33.0801
4553 -33.0887
4554 -33.0974
4555 -33.106
4556 -33.1146
4557 -33.1233
4558 -33.1319
4559 -33.1406
4560 -33.1492
4561 -33.1579
4562 -33.1665
4563 -33.1752
4564 -33.1838
4565 -33.1925
4566 -33.2011
4567 -33.2097
4568 -33.2184
4569 -33.227
4570 -33.2357
4571 -33.2443
4572 -33.253
4573 -33.2616
4574 -33.2703
4575 -33.2789
4576 -33.2875
4577 -33.2962
4578 -33.3048
4579 -33.3135
4580 -33.3221
4581 -33.3308
4582 -33.3394
4583 -33.3481
4584 -33.3567
4585 -33.3653
4586 -33.374
4587 -33.3826
4588 -33.3913
4589 -33.3999
4590 -33.4086
4591 -33.4172
4592 -33.4259
4593 -33.4345
4594 -33.4432
4595 -33.4518
4596 -33.4604
4597 -33.4691
4598 -33.4777
4599 -33.4864
4600 -33.495
4601 -33.5037
4602 -33.5123
4603 -33.521
4604 -33.5296
4605 -33.5382
4606 -33.5469
4607 -33.5555
4608 -33.5642
4609 -33.5728
4610 -33.5815
4611 -33.5901
4612 -33.5988
4613 -33.6074
4614 -33.6161
4615 -33.6247
4616 -33.6333
4617 -33.642
4618 -33.6506
4619 -33.6593
4620 -33.6679
4621 -33.6766
4622 -33.6852
4623 -33.6939
4624 -33.7025
4625 -33.7111
4626 -33.7198
4627 -33.7284
4628 -33.7371
4629 -33.7457
4630 -33.7544
4631 -33.763
4632 -33.7717
4633 -33.7803
4634 -33.789
4635 -33.7976
4636 -33.8062
4637 -33.8149
4638 -33.8235
4639 -33.8322
4640 -33.8408
4641 -33.8495
4642 -33.8581
4643 -33.8668
4644 -33.8754
4645 -33.884
4646 -33.8927
4647 -33.9013
4648 -33.91
4649 -33.9186
4650 -33.9273
4651 -33.9359
4652 -33.9446
4653 -33.9532
4654 -33.9619
4655 -33.9705
4656 -33.9791
4657 -33.9878
4658 -33.9964
4659 -34.0051
4660 -34.0137
4661 -34.0224
4662 -34.031
4663 -34.0397
4664 -34.0483
4665 -34.0569
4666 -34.0656
4667 -34.0742
4668 -34.0829
4669 -34.0915
4670 -34.1002
4671 -34.1088
4672 -34.1175
4673 -34.1261
4674 -34.1348
4675 -34.1434
4676 -34.152
4677 -34.1607
4678 -34.1693
4679 -34.178
4680 -34.1866
4681 -34.1953
4682 -34.2039
4683 -34.2126
4684 -34.2212
4685 -34.2298
4686 -34.2385
4687 -34.2471
4688 -34.2558
4689 -34.2644
4690 -34.2731
4691 -34.2817
4692 -34.2904
4693 -34.299
4694 -34.3077
4695 -34.3163
4696 -34.3249
4697 -34.3336
4698 -34.3422
4699 -34.3509
4700 -34.3595
4701 -34.3682
4702 -34.3768
4703 -34.3855
4704 -34.3941
4705 -34.4027
4706 -34.4114
4707 -34.42
4708 -34.4287
4709 -34.4373
4710 -34.446
4711 -34.4546
4712 -34.4633
4713 -34.4719
4714 -34.4806
4715 -34.4892
4716 -34.4978
4717 -34.5065
4718 -34.5151
4719 -34.5238
4720 -34.5324
4721 -34.5411
4722 -34.5497
4723 -34.5584
4724 -34.567
4725 -34.5756
4726 -34.5843
4727 -34.5929
4728 -34.6016
4729 -34.6102
4730 -34.6189
4731 -34.6275
4732 -34.6362
4733 -34.6448
4734 -34.6535
4735 -34.6621
4736 -34.6707
4737 -34.6794
4738 -34.688
4739 -34.6967
4740 -34.7053
4741 -34.714
4742 -34.7226
4743 -34.7313
4744 -34.7399
4745 -34.7486
4746 -34.7572
4747 -34.7658
4748 -34.7745
4749 -34.7831
4750 -34.7918
4751 -34.8004
4752 -34.8091
4753 -34.8177
4754 -34.8264
4755 -34.835
4756 -34.8436
4757 -34.8523
4758 -34.8609
4759 -34.8696
4760 -34.8782
4761 -34.8869
4762 -34.8955
4763 -34.9042
4764 -34.9128
4765 -34.9215
4766 -34.9301
4767 -34.9387
4768 -34.9474
4769 -34.956
4770 -34.9647
4771 -34.9733
4772 -34.982
4773 -34.9906
4774 -34.9993
4775 -35.0079
4776 -35.0165
4777 -35.0252
4778 -35.0338
4779 -35.0425
4780 -35.0511
4781 -35.0598
4782 -35.0684
4783 -35.0771
4784 -35.0857
4785 -35.0944
4786 -35.103
4787 -35.1116
4788 -35.1203
4789 -35.1289
4790 -35.1376
4791 -35.1462
4792 -35.1549
4793 -35.1635
4794 -35.1722
4795 -35.1808
4796 -35.1895
4797 -35.1981
4798 -35.2067
4799 -35.2154
4800 -35.224
4801 -35.2327
4802 -35.2413
4803 -35.25
4804 -35.2586
4805 -35.2673
4806 -35.2759
4807 -35.2845
4808 -35.2932
4809 -35.3018
4810 -35.3105
4811 -35.3191
4812 -35.3278
4813 -35.3364
4814 -35.3451
4815 -35.3537
4816 -35.3624
4817 -35.371
4818 -35.3796
4819 -35.3883
4820 -35.3969
4821 -35.4056
4822 -35.4142
4823 -35.4229
4824 -35.4315
4825 -35.4402
4826 -35.4488
4827 -35.4574
4828 -35.4661
4829 -35.4747
4830 -35.4834
4831 -35.492
4832 -35.5007
4833 -35.5093
4834 -35.518
4835 -35.5266
4836 -35.5353
4837 -35.5439
4838 -35.5525
4839 -35.5612
4840 -35.5698
4841 -35.5785
4842 -35.5871
4843 -35.5958
4844 -35.6044
4845 -35.6131
4846 -35.6217
4847 -35.6304
4848 -35.639
4849 -35.6476
4850 -35.6563
4851 -35.6649
4852 -35.6736
4853 -35.6822
4854 -35.6909
4855 -35.6995
4856 -35.7082
4857 -35.7168
4858 -35.7254
4859 -35.7341
4860 -35.7427
4861 -35.7514
4862 -35.76
4863 -35.7687
4864 -35.7773
4865 -35.786
4866 -35.7946
4867 -35.8033
4868 -35.8119
4869 -35.8205
4870 -35.8292
4871 -35.8378
4872 -35.8465
4873 -35.8551
4874 -35.8638
4875 -35.8724
4876 -35.8811
4877 -35.8897
4878 -35.8984
4879 -35.907
4880 -35.9156
4881 -35.9243
4882 -35.9329
4883 -35.9416
4884 -35.9502
4885 -35.9589
4886 -35.9675
4887 -35.9762
4888 -35.9848
4889 -35.9934
4890 -36.0021
4891 -36.0107
4892 -36.0194
4893 -36.028
4894 -36.0367
4895 -36.0453
4896 -36.054
4897 -36.0626
4898 -36.0713
4899 -36.0799
4900 -36.0885
4901 -36.0972
4902 -36.1058
4903 -36.1145
4904 -36.1231
4905 -36.1318
4906 -36.1404
4907 -36.1491
4908 -36.1577
4909 -36.1664
4910 -36.175
4911 -36.1836
4912 -36.1923
4913 -36.2009
4914 -36.2096
4915 -36.2182
4916 -36.2269
4917 -36.2355
4918 -36.2442
4919 -36.2528
4920 -36.2614
4921 -36.2701
4922 -36.2787
4923 -36.2874
4924 -36.296
4925 -36.3047
4926 -36.3133
4927 -36.322
4928 -36.3306
4929 -36.3393
4930 -36.3479
4931 -36.3565
4932 -36.3652
4933 -36.3738
4934 -36.3825
4935 -36.3911
4936 -36.3998
4937 -36.4084
4938 -36.4171
4939 -36.4257
4940 -36.4344
4941 -36.443
4942 -36.4516
4943 -36.4603
4944 -36.4689
4945 -36.4776
4946 -36.4862
4947 -36.4949
4948 -36.5035
4949 -36.5122
4950 -36.5208
4951 -36.5295
4952 -36.5381
4953 -36.5467
4954 -36.5554
4955 -36.564
4956 -36.5727
4957 -36.5813
4958 -36.59
4959 -36.5986
4960 -36.6073
4961 -36.6159
4962 -36.6245
4963 -36.6332
4964 -36.6418
4965 -36.6505
4966 -36.6591
4967 -36.6678
4968 -36.6764
4969 -36.6851
4970 -36.6937
4971 -36.7024
4972 -36.711
4973 -36.7196
4974 -36.7283
4975 -36.7369
4976 -36.7456
4977 -36.7542
4978 -36.7629
4979 -36.7715
4980 -36.7802
4981 -36.7888
4982 -36.7975
4983 -36.8061
4984 -36.8147
4985 -36.8234
4986 -36.832
4987 -36.8407
4988 -36.8493
4989 -36.858
4990 -36.8666
4991 -36.8753
4992 -36.8839
4993 -36.8926
4994 -36.9012
4995 -36.9098
4996 -36.9185
4997 -36.9271
4998 -36.9358
4999 -36.9444
5000 -36.9531
