1 2.09998
2 2.09777
3 2.09557
4 2.09338
5 2.09118
6 2.08899
7 2.0868
8 2.08462
9 2.08244
10 2.08026
11 2.07809
12 2.07592
13 2.07375
14 2.07159
15 2.06943
16 2.06727
17 2.06512
18 2.06297
19 2.06082
20 2.05868
21 2.05654
22 2.05441
23 2.05227
24 2.05014
25 2.04802
26 2.04589
27 2.04377
28 2.04166
29 2.03954
30 2.03743
31 2.03533
32 2.03322
33 2.03112
34 2.02903
35 2.02693
36 2.02484
37 2.02276
38 2.02067
39 2.01859
40 2.01651
41 2.01444
42 2.01237
43 2.0103
44 2.00824
45 2.00617
46 2.00412
47 2.00206
48 2.00001
49 1.99796
50 1.99591
51 1.99387
52 1.99183
53 1.9898
54 1.98776
55 1.98573
56 1.98371
57 1.98168
58 1.97966
59 1.97764
60 1.97563
61 1.97362
62 1.97161
63 1.9696
64 1.9676
65 1.9656
66 1.96361
67 1.96161
68 1.95962
69 1.95763
70 1.95565
71 1.95367
72 1.95169
73 1.94972
74 1.94774
75 1.94578
76 1.94381
77 1.94185
78 1.93989
79 1.93793
80 1.93597
81 1.93402
82 1.93207
83 1.93013
84 1.92819
85 1.92625
86 1.92431
87 1.92238
88 1.92045
89 1.91852
90 1.91659
91 1.91467
92 1.91275
93 1.91084
94 1.90892
95 1.90701
96 1.9051
97 1.9032
98 1.9013
99 1.8994
100 1.8975
101 1.89561
102 1.89372
103 1.89183
104 1.88995
105 1.88806
106 1.88618
107 1.88431
108 1.88243
109 1.88056
110 1.8787
111 1.87683
112 1.87497
113 1.87311
114 1.87125
115 1.8694
116 1.86755
117 1.8657
118 1.86385
119 1.86201
120 1.86017
121 1.85833
122 1.85649
123 1.85466
124 1.85283
125 1.851
126 1.84918
127 1.84736
128 1.84554
129 1.84372
130 1.84191
131 1.8401
132 1.83829
133 1.83649
134 1.83468
135 1.83288
136 1.83109
137 1.82929
138 1.8275
139 1.82571
140 1.82392
141 1.82214
142 1.82036
143 1.81858
144 1.8168
145 1.81503
146 1.81325
147 1.81149
148 1.80972
149 1.80796
150 1.8062
151 1.80444
152 1.80268
153 1.80093
154 1.79918
155 1.79743
156 1.79568
157 1.79394
158 1.7922
159 1.79046
160 1.78873
161 1.78699
162 1.78526
163 1.78354
164 1.78181
165 1.78009
166 1.77837
167 1.77665
168 1.77493
169 1.77322
170 1.77151
171 1.7698
172 1.7681
173 1.76639
174 1.76469
175 1.76299
176 1.7613
177 1.75961
178 1.75791
179 1.75623
180 1.75454
181 1.75286
182 1.75118
183 1.7495
184 1.74782
185 1.74615
186 1.74448
187 1.74281
188 1.74114
189 1.73948
190 1.73781
191 1.73615
192 1.7345
193 1.73284
194 1.73119
195 1.72954
196 1.72789
197 1.72625
198 1.7246
199 1.72296
200 1.72132
201 1.71969
202 1.71806
203 1.71642
204 1.71479
205 1.71317
206 1.71154
207 1.70992
208 1.7083
209 1.70668
210 1.70507
211 1.70346
212 1.70185
213 1.70024
214 1.69863
215 1.69703
216 1.69543
217 1.69383
218 1.69223
219 1.69064
220 1.68904
221 1.68745
222 1.68587
223 1.68428
224 1.6827
225 1.68112
226 1.67954
227 1.67796
228 1.67639
229 1.67481
230 1.67324
231 1.67167
232 1.67011
233 1.66855
234 1.66698
235 1.66543
236 1.66387
237 1.66231
238 1.66076
239 1.65921
240 1.65766
241 1.65612
242 1.65457
243 1.65303
244 1.65149
245 1.64995
246 1.64842
247 1.64689
248 1.64535
249 1.64383
250 1.6423
251 1.64077
252 1.63925
253 1.63773
254 1.63621
255 1.6347
256 1.63318
257 1.63167
258 1.63016
259 1.62865
260 1.62715
261 1.62564
262 1.62414
263 1.62264
264 1.62115
265 1.61965
266 1.61816
267 1.61667
268 1.61518
269 1.61369
270 1.61221
271 1.61072
272 1.60924
273 1.60776
274 1.60629
275 1.60481
276 1.60334
277 1.60187
278 1.6004
279 1.59893
280 1.59747
281 1.59601
282 1.59455
283 1.59309
284 1.59163
285 1.59018
286 1.58872
287 1.58727
288 1.58582
289 1.58438
290 1.58293
291 1.58149
292 1.58005
293 1.57861
294 1.57717
295 1.57574
296 1.57431
297 1.57287
298 1.57145
299 1.57002
300 1.56859
301 1.56717
302 1.56575
303 1.56433
304 1.56291
305 1.5615
306 1.56008
307 1.55867
308 1.55726
309 1.55586
310 1.55445
311 1.55305
312 1.55164
313 1.55024
314 1.54885
315 1.54745
316 1.54605
317 1.54466
318 1.54327
319 1.54188
320 1.5405
321 1.53911
322 1.53773
323 1.53635
324 1.53497
325 1.53359
326 1.53221
327 1.53084
328 1.52947
329 1.5281
330 1.52673
331 1.52536
332 1.524
333 1.52263
334 1.52127
335 1.51991
336 1.51856
337 1.5172
338 1.51585
339 1.5145
340 1.51314
341 1.5118
342 1.51045
343 1.50911
344 1.50776
345 1.50642
346 1.50508
347 1.50374
348 1.50241
349 1.50107
350 1.49974
351 1.49841
352 1.49708
353 1.49576
354 1.49443
355 1.49311
356 1.49179
357 1.49047
358 1.48915
359 1.48783
360 1.48652
361 1.4852
362 1.48389
363 1.48258
364 1.48128
365 1.47997
366 1.47867
367 1.47736
368 1.47606
369 1.47476
370 1.47347
371 1.47217
372 1.47088
373 1.46958
374 1.46829
375 -4.72495
376 -4.71751
377 -4.71009
378 -4.70269
379 -4.6953
380 -4.68793
381 -4.68058
382 -4.67325
383 -4.66593
384 -4.65863
385 -4.65135
386 -4.64408
387 -4.63683
388 -4.6296
389 -4.62239
390 -4.61519
391 -4.60801
392 -4.60084
393 -4.59369
394 -4.58656
395 -4.57945
396 -4.57235
397 -4.56527
398 -4.5582
399 -4.55116
400 -4.54412
401 -4.53711
402 -4.53011
403 -4.52312
404 -4.51616
405 -4.50921
406 -4.50227
407 -4.49535
408 -4.48845
409 -4.48156
410 -4.47469
411 -4.46783
412 -4.46099
413 -4.45417
414 -4.44736
415 -4.44057
416 -4.43379
417 -4.42703
418 -4.42028
419 -4.41355
420 -4.40683
421 -4.40013
422 -4.39345
423 -4.38678
424 -4.38012
425 -4.37348
426 -4.36686
427 -4.36025
428 -4.35366
429 -4.34708
430 -4.34051
431 -4.33396
432 -4.32743
433 -4.32091
434 -4.3144
435 -4.30791
436 -4.30144
437 -4.29497
438 -4.28853
439 -4.28209
440 -4.27568
441 -4.26927
442 -4.26288
443 -4.25651
444 -4.25015
445 -4.2438
446 -4.23747
447 -4.23115
448 -4.22485
449 -4.21856
450 -4.21228
451 -4.20602
452 -4.19977
453 -4.19354
454 -4.18732
455 -4.18111
456 -4.17492
457 -4.16874
458 -4.16258
459 -4.15643
460 -4.15029
461 -4.14416
462 -4.13805
463 -4.13196
464 -4.12587
465 -4.1198
466 -4.11375
467 -4.1077
468 -4.10167
469 -4.09566
470 -4.08965
471 -4.08366
472 -4.07769
473 -4.07172
474 -4.06577
475 -4.05983
476 -4.05391
477 -4.048
478 -4.0421
479 -4.03621
480 -4.03034
481 -4.02448
482 -4.01863
483 -4.01279
484 -4.00697
485 -4.00116
486 -3.99537
487 -3.98958
488 -3.98381
489 -3.97805
490 -3.9723
491 -3.96657
492 -3.96085
493 -3.95514
494 -3.94944
495 -3.94376
496 -3.93808
497 -3.93242
498 -3.92677
499 -3.92114
500 -3.91551
501 -3.9099
502 -3.9043
503 -3.89872
504 -3.89314
505 -3.88758
506 -3.88202
507 -3.87648
508 -3.87096
509 -3.86544
510 -3.85993
511 -3.85444
512 -3.84896
513 -3.84349
514 -3.83803
515 -3.83259
516 -3.82715
517 -3.82173
518 -3.81632
519 -3.81092
520 -3.80553
521 -3.80015
522 -3.79479
523 -3.78943
524 -3.78409
525 -3.77876
526 -3.77344
527 -3.76813
528 -3.76283
529 -3.75754
530 -3.75227
531 -3.747
532 -3.74175
533 -3.73651
534 -3.73128
535 -3.72606
536 -3.72085
537 -3.71565
538 -3.71046
539 -3.70528
540 -3.70012
541 -3.69496
542 -3.68982
543 -3.68468
544 -3.67956
545 -3.67445
546 -3.66935
547 -3.66426
548 -3.65917
549 -3.6541
550 -3.64905
551 -3.644
552 -3.63896
553 -3.63393
554 -3.62891
555 -3.62391
556 -3.61891
557 -3.61392
558 -3.60895
559 -3.60398
560 -3.59902
561 -3.59408
562 -3.58914
563 -3.58422
564 -3.5793
565 -3.5744
566 -3.5695
567 -3.56462
568 -3.55974
569 -3.55488
570 -3.55003
571 -3.54518
572 -3.54035
573 -3.53552
574 -3.53071
575 -3.5259
576 -3.5211
577 -3.51632
578 -3.51154
579 -3.50678
580 -3.50202
581 -3.49727
582 -3.49254
583 -3.48781
584 -3.48309
585 -3.47838
586 -3.47368
587 -3.46899
588 -3.46431
589 -3.45964
590 -3.45498
591 -3.45033
592 -3.44569
593 -3.44106
594 -3.43643
595 -3.43182
596 -3.42721
597 -3.42262
598 -3.41803
599 -3.41345
600 -3.40889
601 -3.40433
602 -3.39978
603 -3.39524
604 -3.39071
605 -3.38618
606 -3.38167
607 -3.37717
608 -3.37267
609 -3.36818
610 -3.36371
611 -3.35924
612 -3.35478
613 -3.35033
614 -3.34589
615 -3.34145
616 -3.33703
617 -3.33261
618 -3.32821
619 -3.32381
620 -3.31942
621 -3.31504
622 -3.31067
623 -3.3063
624 -3.30195
625 -3.2976
626 -3.29327
627 -3.28894
628 -3.28462
629 -3.2803
630 -3.276
631 -3.27171
632 -3.26742
633 -3.26314
634 -3.25887
635 -3.25461
636 -3.25036
637 -3.24611
638 -3.24188
639 -3.23765
640 -3.23343
641 -3.22922
642 -3.22502
643 -3.22082
644 -3.21663
645 -3.21245
646 -3.20828
647 -3.20412
648 -3.19997
649 -3.19582
650 -3.19168
651 -3.18755
652 -3.18343
653 -3.17932
654 -3.17521
655 -3.17111
656 -3.16702
657 -3.16294
658 -3.15886
659 -3.1548
660 -3.15074
661 -3.14669
662 -3.14265
663 -3.13861
664 -3.13458
665 -3.13056
666 -3.12655
667 -3.12255
668 -3.11855
669 -3.11456
670 -3.11058
671 -3.10661
672 -3.10264
673 -3.09868
674 -3.09473
675 -3.09079
676 -3.08685
677 -3.08292
678 -3.079
679 -3.07509
680 -3.07118
681 -3.06728
682 -3.06339
683 -3.05951
684 -3.05563
685 -3.05176
686 -3.0479
687 -3.04405
688 -3.0402
689 -3.03636
690 -3.03253
691 -3.0287
692 -3.02489
693 -3.02107
694 -3.01727
695 -3.01347
696 -3.00969
697 -3.0059
698 -3.00213
699 -2.99836
700 -2.9946
701 -2.99085
702 -2.9871
703 -2.98336
704 -2.97963
705 -2.9759
706 -2.97218
707 -2.96847
708 -2.96477
709 -2.96107
710 -2.95738
711 -2.9537
712 -2.95002
713 -2.94635
714 -2.94269
715 -2.93903
716 -2.93538
717 -2.93174
718 -2.9281
719 -2.92447
720 -2.92085
721 -2.91723
722 -2.91362
723 -2.91002
724 -2.90643
725 -2.90284
726 -2.89925
727 -2.89568
728 -2.89211
729 -2.88855
730 -2.88499
731 -2.88144
732 -2.8779
733 -2.87436
734 -2.87083
735 -2.86731
736 -2.86379
737 -2.86028
738 -2.85678
739 -2.85328
740 -2.84979
741 -2.8463
742 -2.84283
743 -2.83935
744 -2.83589
745 -2.83243
746 -2.82898
747 -2.82553
748 -2.82209
749 -2.81866
750 -2.81523
751 -2.81181
752 -2.80839
753 -2.80498
754 -2.80158
755 -2.79818
756 -2.79479
757 -2.79141
758 -2.78803
759 -2.78466
760 -2.78129
761 -2.77793
762 -2.77458
763 -2.77123
764 -2.76789
765 -2.76455
766 -2.76122
767 -2.7579
768 -2.75458
769 -2.75127
770 -2.74797
771 -2.74467
772 -2.74137
773 -2.73808
774 -2.7348
775 -2.73153
776 -2.72826
777 -2.72499
778 -2.72173
779 -2.71848
780 -2.71523
781 -2.71199
782 -2.70876
783 -2.70553
784 -2.70231
785 -2.69909
786 -2.69588
787 -2.69267
788 -2.68947
789 -2.68627
790 -2.68309
791 -2.6799
792 -2.67672
793 -2.67355
794 -2.67039
795 -2.66722
796 -2.66407
797 -2.66092
798 -2.65778
799 -2.65464
800 -2.6515
801 -2.64838
802 -2.64525
803 -2.64214
804 -2.63903
805 -2.63592
806 -2.63282
807 -2.62973
808 -2.62664
809 -2.62356
810 -2.62048
811 -2.6174
812 -2.61434
813 -2.61128
814 -2.60822
815 -2.60517
816 -2.60212
817 -2.59908
818 -2.59605
819 -2.59302
820 -2.58999
821 -2.58697
822 -2.58396
823 -2.58095
824 -2.57795
825 -2.57495
826 -2.57196
827 -2.56897
828 -2.56598
829 -2.56301
830 -2.56004
831 -2.55707
832 -2.55411
833 -2.55115
834 -2.5482
835 -2.54525
836 -2.54231
837 -2.53937
838 -2.53644
839 -2.53352
840 -2.5306
841 -2.52768
842 -2.52477
843 -2.52186
844 -2.51896
845 -2.51607
846 -2.51317
847 -2.51029
848 -2.50741
849 -2.50453
850 -2.50166
851 -2.49879
852 -2.49593
853 -2.49308
854 -2.49023
855 -2.48738
856 -2.48454
857 -2.4817
858 -2.47887
859 -2.47604
860 -2.47322
861 -2.4704
862 -2.46759
863 -2.46478
864 -2.46198
865 -2.45918
866 -2.45639
867 -2.4536
868 -2.45081
869 -2.44804
870 -2.44526
871 -2.44249
872 -2.43973
873 -2.43697
874 -2.43421
875 -2.43146
876 -2.42871
877 -2.42597
878 -2.42323
879 -2.4205
880 -2.41777
881 -2.41505
882 -2.41233
883 -2.40962
884 -2.40691
885 -2.4042
886 -2.4015
887 -2.39881
888 -2.39612
889 -2.39343
890 -2.39075
891 -2.38807
892 -2.3854
893 -2.38273
894 -2.38006
895 -2.3774
896 -2.37475
897 -2.3721
898 -2.36945
899 -2.36681
900 -2.36417
901 -2.36154
902 -2.35891
903 -2.35629
904 -2.35367
905 -2.35105
906 -2.34844
907 -2.34583
908 -2.34323
909 -2.34063
910 -2.33804
911 -2.33545
912 -2.33286
913 -2.33028
914 -2.3277
915 -2.32513
916 -2.32256
917 -4.69386
918 -4.69925
919 -4.70463
920 -4.70999
921 4.36445
922 4.35375
923 4.34308
924 4.33242
925 4.32177
926 4.31115
927 4.30054
928 4.28994
929 4.27937
930 4.26881
931 4.25827
932 4.24774
933 4.23724
934 4.22675
935 4.21627
936 4.20581
937 4.19537
938 4.18495
939 4.17454
940 4.16415
941 4.15377
942 4.14341
943 4.13307
944 4.12274
945 4.11243
946 4.10214
947 4.09186
948 4.08159
949 4.07135
950 4.06111
951 4.0509
952 4.0407
953 4.03051
954 4.02035
955 4.01019
956 4.00006
957 3.98993
958 3.97983
959 3.96974
960 3.95966
961 3.9496
962 3.93955
963 3.92952
964 3.91951
965 3.90951
966 3.89952
967 3.88955
968 3.8796
969 3.86966
970 3.85973
971 3.84982
972 3.83992
973 3.83004
974 3.82018
975 3.81032
976 3.80049
977 3.79066
978 3.78085
979 3.77106
980 3.76128
981 3.75151
982 3.74176
983 3.73202
984 3.7223
985 3.71259
986 3.7029
987 3.69322
988 3.68355
989 3.67389
990 3.66425
991 3.65463
992 3.64502
993 3.63542
994 3.62583
995 3.61626
996 3.60671
997 3.59716
998 3.58763
999 3.57812
1000 3.56861
1001 3.55912
1002 3.54965
1003 3.54018
1004 3.53073
1005 3.52129
1006 3.51187
1007 3.50246
1008 3.49306
1009 3.48368
1010 3.47431
1011 3.46495
1012 3.4556
1013 3.44627
1014 3.43695
1015 3.42764
1016 3.41835
1017 3.40906
1018 3.3998
1019 3.39054
1020 3.38129
1021 3.37206
1022 3.36284
1023 3.35364
1024 3.34444
1025 3.33526
1026 3.32609
1027 3.31693
1028 3.30779
1029 3.29866
1030 3.28953
1031 3.28043
1032 3.27133
1033 3.26224
1034 3.25317
1035 3.24411
1036 3.23506
1037 3.22603
1038 3.217
1039 3.20799
1040 3.19899
1041 3.19
1042 3.18102
1043 3.17205
1044 3.1631
1045 3.15415
1046 3.14522
1047 3.1363
1048 3.12739
1049 3.1185
1050 3.10961
1051 3.10074
1052 3.09187
1053 3.08302
1054 3.07418
1055 3.06535
1056 3.05653
1057 3.04773
1058 3.03893
1059 3.03015
1060 3.02137
1061 3.01261
1062 3.00386
1063 2.99512
1064 2.98639
1065 2.97767
1066 2.96896
1067 2.96026
1068 2.95158
1069 2.9429
1070 2.93423
1071 2.92558
1072 2.91694
1073 2.9083
1074 2.89968
1075 2.89107
1076 2.88246
1077 2.87387
1078 2.86529
1079 2.85672
1080 2.84816
1081 2.83961
1082 2.83107
1083 2.82254
1084 2.81402
1085 2.80551
1086 2.79701
1087 2.78852
1088 2.78004
1089 2.77158
1090 2.76312
1091 2.75467
1092 2.74623
1093 2.7378
1094 2.72938
1095 2.72097
1096 2.71257
1097 2.70418
1098 2.6958
1099 2.68743
1100 2.67907
1101 2.67072
1102 2.66238
1103 2.65405
1104 2.64573
1105 2.63741
1106 2.62911
1107 2.62082
1108 2.61253
1109 2.60426
1110 2.59599
1111 2.58774
1112 2.57949
1113 2.57125
1114 2.56303
1115 2.55481
1116 2.5466
1117 2.5384
1118 2.53021
1119 2.52202
1120 2.51385
1121 2.50569
1122 2.49753
1123 2.48939
1124 2.48125
1125 2.47312
1126 2.465
1127 2.45689
1128 2.44879
1129 2.4407
1130 2.43262
1131 2.42454
1132 2.41648
1133 2.40842
1134 2.40037
1135 2.39233
1136 2.3843
1137 2.37628
1138 2.36826
1139 2.36026
1140 2.35226
1141 2.34427
1142 2.33629
1143 2.32832
1144 2.32036
1145 2.3124
1146 2.30446
1147 2.29652
1148 2.28859
1149 2.28067
1150 2.27275
1151 2.26485
1152 2.25695
1153 2.24906
1154 2.24118
1155 2.23331
1156 2.22545
1157 2.21759
1158 2.20974
1159 2.2019
1160 2.19407
1161 2.18625
1162 2.17843
1163 2.17062
1164 2.16282
1165 2.15503
1166 2.14725
1167 2.13947
1168 2.1317
1169 2.12394
1170 2.11619
1171 2.10844
1172 2.10071
1173 2.09298
1174 2.08525
1175 2.07754
1176 2.06983
1177 2.06213
1178 2.05444
1179 2.04675
1180 2.03908
1181 2.03141
1182 2.02375
1183 2.01609
1184 2.00844
1185 2.0008
1186 1.99317
1187 1.98555
1188 1.97793
1189 1.97032
1190 1.96272
1191 1.95512
1192 1.94753
1193 1.93995
1194 1.93238
1195 1.92481
1196 1.91725
1197 1.90969
1198 1.90215
1199 1.89461
1200 1.88708
1201 1.87955
1202 1.87204
1203 1.86453
1204 1.85702
1205 1.84953
1206 1.84204
1207 1.83455
1208 1.82708
1209 1.81961
1210 1.81214
1211 1.80469
1212 1.79724
1213 1.7898
1214 1.78236
1215 1.77493
1216 1.76751
1217 1.7601
1218 1.75269
1219 1.74529
1220 1.73789
1221 1.7305
1222 1.72312
1223 1.71574
1224 1.70837
1225 1.70101
1226 1.69365
1227 1.68631
1228 1.67896
1229 1.67162
1230 1.66429
1231 1.65697
1232 1.64965
1233 1.64234
1234 1.63504
1235 1.62774
1236 1.62045
1237 1.61316
1238 1.60589
1239 1.59861
1240 1.59135
1241 1.58409
1242 1.57684
1243 1.56959
1244 1.56235
1245 1.55512
1246 1.54789
1247 1.54067
1248 1.53346
1249 1.52625
1250 1.51905
1251 1.51185
1252 1.50467
1253 1.49749
1254 1.49031
1255 1.48314
1256 1.47598
1257 1.46882
1258 1.46168
1259 1.45453
1260 1.4474
1261 1.44027
1262 1.43315
1263 1.42603
1264 1.41892
1265 1.41182
1266 1.40472
1267 1.39763
1268 1.39054
1269 1.38347
1270 1.3764
1271 1.36933
1272 1.36227
1273 1.35522
1274 1.34818
1275 1.34114
1276 1.33411
1277 1.32708
1278 1.32006
1279 1.31305
1280 1.30605
1281 1.29905
1282 1.29205
1283 1.28507
1284 1.27809
1285 1.27112
1286 1.26415
1287 1.25719
1288 1.25024
1289 1.24329
1290 1.23635
1291 1.22942
1292 1.22249
1293 1.21557
1294 1.20865
1295 1.20175
1296 1.19484
1297 1.18795
1298 1.18106
1299 1.17418
1300 1.16731
1301 1.16044
1302 1.15358
1303 1.14672
1304 1.13987
1305 1.13303
1306 1.1262
1307 1.11937
1308 1.11255
1309 1.10573
1310 1.09892
1311 1.09212
1312 1.08533
1313 1.07854
1314 1.07176
1315 1.06498
1316 1.05821
1317 1.05145
1318 1.04469
1319 1.03794
1320 1.0312
1321 1.02447
1322 1.01774
1323 1.01101
1324 1.0043
1325 0.997589
1326 0.990887
1327 0.984191
1328 0.977502
1329 0.97082
1330 0.964144
1331 0.957475
1332 0.950813
1333 0.944157
1334 0.937508
1335 0.930866
1336 0.92423
1337 0.917602
1338 0.910979
1339 0.904364
1340 0.897755
1341 0.891153
1342 0.884558
1343 0.87797
1344 0.871388
1345 0.864813
1346 0.858245
1347 0.851683
1348 0.845129
1349 0.838581
1350 0.83204
1351 0.825505
1352 0.818978
1353 0.812457
1354 0.805943
1355 0.799435
1356 0.792935
1357 0.786441
1358 0.779954
1359 0.773474
1360 0.767001
1361 0.760534
1362 0.754075
1363 0.747622
1364 0.741176
1365 0.734737
1366 0.728305
1367 0.721879
1368 0.715461
1369 0.709049
1370 0.702644
1371 0.696246
1372 0.689855
1373 0.683471
1374 0.677093
1375 0.670723
1376 0.664359
1377 0.658002
1378 0.651653
1379 0.64531
1380 0.638974
1381 0.632645
1382 0.626322
1383 0.620007
1384 0.613699
1385 0.607397
1386 0.601103
1387 0.594816
1388 0.588535
1389 0.582261
1390 0.575995
1391 0.569735
1392 0.563482
1393 0.557237
1394 0.550998
1395 0.544766
1396 0.538542
1397 0.532324
1398 0.526113
1399 0.519909
1400 0.513713
1401 0.507523
1402 0.50134
1403 0.495165
1404 0.488996
1405 0.482835
1406 0.47668
1407 0.470533
1408 0.464392
1409 0.458259
1410 0.452133
1411 0.446013
1412 0.439901
1413 0.433796
1414 0.427698
1415 0.421608
1416 0.415524
1417 0.409447
1418 0.403378
1419 0.397315
1420 0.39126
1421 0.385212
1422 0.379171
1423 0.373137
1424 0.36711
1425 0.361091
1426 0.355078
1427 0.349073
1428 0.343075
1429 0.337084
1430 0.3311
1431 0.325124
1432 0.319155
1433 0.313192
1434 0.307238
1435 0.30129
1436 0.295349
1437 0.289416
1438 0.28349
1439 0.277571
1440 0.27166
1441 0.265755
1442 0.259858
1443 0.253968
1444 0.248086
1445 0.24221
1446 0.236342
1447 0.230481
1448 0.224628
1449 0.218782
1450 0.212943
1451 0.207111
1452 0.201287
1453 0.19547
1454 0.18966
1455 0.183858
1456 0.178063
1457 0.172275
1458 0.166495
1459 0.160722
1460 0.154956
1461 0.149198
1462 0.143447
1463 0.137703
1464 0.131967
1465 0.126238
1466 0.120517
1467 0.114803
1468 0.109096
1469 0.103397
1470 0.0977054
1471 0.092021
1472 0.086344
1473 0.0806744
1474 0.0750123
1475 0.0693576
1476 0.0637104
1477 0.0580706
1478 0.0524383
1479 0.0468134
1480 0.041196
1481 0.0355861
1482 0.0299836
1483 0.0243887
1484 0.0188012
1485 0.0132212
1486 0.00764871
1487 0.00208373
1488 -0.00347374
1489 -0.00902369
1490 -0.0145661
1491 -0.020101
1492 -0.0256284
1493 -0.0311482
1494 -0.0366605
1495 -0.0421652
1496 -0.0476624
1497 -0.053152
1498 -0.058634
1499 -0.0641084
1500 -0.0695753
1501 -0.0750346
1502 -0.0804863
1503 -0.0859304
1504 -0.0913669
1505 -0.0967958
1506 -0.102217
1507 -0.107631
1508 -0.113037
1509 -0.118435
1510 -0.123826
1511 -0.129209
1512 -0.134585
1513 -0.139952
1514 -0.145313
1515 -0.150665
1516 -0.15601
1517 -0.161347
1518 -0.166677
1519 -0.171998
1520 -0.177313
1521 -0.182619
1522 -0.187918
1523 -0.193209
1524 -0.198492
1525 -0.203768
1526 -0.209035
1527 -0.214296
1528 -0.219548
1529 -0.224793
1530 -0.23003
1531 -0.235259
1532 -0.24048
1533 -0.245694
1534 -0.2509
1535 -0.256098
1536 -0.261288
1537 3.29182
1538 3.28251
1539 3.2732
1540 3.26391
1541 3.25463
1542 3.24536
1543 3.2361
1544 3.22685
1545 3.21762
1546 3.2084
1547 3.19919
1548 3.18999
1549 3.18081
1550 3.17163
1551 3.16247
1552 3.15332
1553 3.14418
1554 3.13505
1555 3.12594
1556 3.11683
1557 3.10774
1558 3.09866
1559 3.08959
1560 3.08053
1561 3.07148
1562 3.06245
1563 3.05342
1564 3.04441
1565 3.03541
1566 3.02642
1567 3.01744
1568 3.00847
1569 2.99951
1570 2.99056
1571 2.98163
1572 2.9727
1573 2.96379
1574 2.95489
1575 2.94599
1576 2.93711
1577 2.92824
1578 2.91938
1579 2.91053
1580 2.90169
1581 2.89287
1582 2.88405
1583 2.87524
1584 2.86645
1585 2.85766
1586 2.84888
1587 2.84012
1588 2.83137
1589 2.82262
1590 2.81389
1591 2.80516
1592 2.79645
1593 2.78775
1594 2.77905
1595 2.77037
1596 2.7617
1597 2.75303
1598 2.74438
1599 2.73574
1600 2.7271
1601 2.71848
1602 2.70987
1603 2.70127
1604 2.69267
1605 2.68409
1606 2.67551
1607 2.66695
1608 2.6584
1609 2.64985
1610 2.64131
1611 2.63279
1612 2.62427
1613 2.61577
1614 2.60727
1615 2.59878
1616 2.5903
1617 2.58183
1618 2.57338
1619 2.56493
1620 2.55648
1621 2.54805
1622 2.53963
1623 2.53122
1624 2.52281
1625 2.51442
1626 2.50603
1627 2.49766
1628 2.48929
1629 2.48093
1630 2.47258
1631 2.46424
1632 2.45591
1633 2.44759
1634 2.43927
1635 2.43097
1636 2.42267
1637 2.41439
1638 2.40611
1639 2.39784
1640 2.38958
1641 2.38132
1642 2.37308
1643 2.36485
1644 2.35662
1645 2.3484
1646 2.34019
1647 2.33199
1648 2.3238
1649 2.31561
1650 2.30744
1651 2.29927
1652 2.29111
1653 2.28296
1654 2.27482
1655 2.26669
1656 2.25856
1657 2.25044
1658 2.24233
1659 2.23423
1660 2.22614
1661 2.21806
1662 2.20998
1663 2.20191
1664 2.19385
1665 2.1858
1666 2.17775
1667 2.16972
1668 2.16169
1669 2.15367
1670 0.27172
1671 0.282219
1672 0.292707
1673 0.303183
1674 -4.36445
1675 -4.35375
1676 -4.34308
1677 -4.33242
1678 -4.32177
1679 -4.31115
1680 -4.30054
1681 -4.28994
1682 -4.27937
1683 -4.26881
1684 -4.25827
1685 -4.24774
1686 -4.23724
1687 -4.22675
1688 -4.21627
1689 -4.20581
1690 -4.19537
1691 -4.18495
1692 -4.17454
1693 -4.16415
1694 -4.15377
1695 -4.14341
1696 -4.13307
1697 -4.12274
1698 -4.11243
1699 -4.10214
1700 -4.09186
1701 -4.08159
1702 -4.07135
1703 -4.06111
1704 -4.0509
1705 -4.0407
1706 -4.03051
1707 -4.02035
1708 -4.01019
1709 -4.00006
1710 -3.98993
1711 -3.97983
1712 -3.96974
1713 -3.95966
1714 -3.9496
1715 -3.93955
1716 -3.92952
1717 -3.91951
1718 -3.90951
1719 -3.89952
1720 -3.88955
1721 -3.8796
1722 -3.86966
1723 -3.85973
1724 -3.84982
1725 -3.83992
1726 -3.83004
1727 -3.82018
1728 -3.81032
1729 -3.80049
1730 -3.79066
1731 -3.78085
1732 -3.77106
1733 -3.76128
1734 -3.75151
1735 -3.74176
1736 -3.73202
1737 -3.7223
1738 -3.71259
1739 -3.7029
1740 -3.69322
1741 -3.68355
1742 -3.67389
1743 -3.66425
1744 -3.65463
1745 -3.64502
1746 -3.63542
1747 -3.62583
1748 -3.61626
1749 -3.60671
1750 -3.59716
1751 -3.58763
1752 -3.57812
1753 -3.56861
1754 -3.55912
1755 -3.54965
1756 -3.54018
1757 -3.53073
1758 -3.52129
1759 -3.51187
1760 -3.50246
1761 -3.49306
1762 -3.48368
1763 -3.47431
1764 -3.46495
1765 -3.4556
1766 -3.44627
1767 -3.43695
1768 -3.42764
1769 -3.41835
1770 -3.40906
1771 -3.3998
1772 -3.39054
1773 -3.38129
1774 -3.37206
1775 -3.36284
1776 -3.35364
1777 -3.34444
1778 -3.33526
1779 -3.32609
1780 -3.31693
1781 -3.30779
1782 -3.29866
1783 -3.28953
1784 -3.28043
1785 -3.27133
1786 -3.26224
1787 -3.25317
1788 -3.24411
1789 -3.23506
1790 -3.22603
1791 -3.217
1792 -3.20799
1793 -3.19899
1794 -3.19
1795 -3.18102
1796 -3.17205
1797 -3.1631
1798 -3.15415
1799 -3.14522
1800 -3.1363
1801 -3.12739
1802 -3.1185
1803 -3.10961
1804 -3.10074
1805 -3.09187
1806 -3.08302
1807 -3.07418
1808 -3.06535
1809 -3.05653
1810 -3.04773
1811 -3.03893
1812 -3.03015
1813 -3.02137
1814 -3.01261
1815 -3.00386
1816 -2.99512
1817 -2.98639
1818 -2.97767
1819 -2.96896
1820 -2.96026
1821 -2.95158
1822 -2.9429
1823 -2.93423
1824 -2.92558
1825 -2.91694
1826 -2.9083
1827 -2.89968
1828 -2.89107
1829 -2.88246
1830 -2.87387
1831 -2.86529
1832 -2.85672
1833 -2.84816
1834 -2.83961
1835 -2.83107
1836 -2.82254
1837 -2.81402
1838 -2.80551
1839 -2.79701
1840 -2.78852
1841 -2.78004
1842 -2.77158
1843 -2.76312
1844 -2.75467
1845 -2.74623
1846 -2.7378
1847 -2.72938
1848 -2.72097
1849 -2.71257
1850 -2.70418
1851 -2.6958
1852 -2.68743
1853 -2.67907
1854 -2.67072
1855 -2.66238
1856 -2.65405
1857 -2.64573
1858 -2.63741
1859 -2.62911
1860 -2.62082
1861 -2.61253
1862 -2.60426
1863 -2.59599
1864 -2.58774
1865 -2.57949
1866 -2.57125
1867 -2.56303
1868 -2.55481
1869 -2.5466
1870 -2.5384
1871 -2.53021
1872 -2.52202
1873 -2.51385
1874 -2.50569
1875 -2.49753
1876 -2.48939
1877 -2.48125
1878 -2.47312
1879 -2.465
1880 -2.45689
1881 -2.44879
1882 -2.4407
1883 -2.43262
1884 -2.42454
1885 -2.41648
1886 -2.40842
1887 -2.40037
1888 -2.39233
1889 -2.3843
1890 -2.37628
1891 -2.36826
1892 -2.36026
1893 -2.35226
1894 -2.34427
1895 -2.33629
1896 -2.32832
1897 -2.32036
1898 -2.3124
1899 -2.30446
1900 -2.29652
1901 -2.28859
1902 -2.28067
1903 -2.27275
1904 -2.26485
1905 -2.25695
1906 -2.24906
1907 -2.24118
1908 -2.23331
1909 -2.22545
1910 -2.21759
1911 -2.20974
1912 -2.2019
1913 -2.19407
1914 -2.18625
1915 -2.17843
1916 -2.17062
1917 -2.16282
1918 -2.15503
1919 -2.14725
1920 -2.13947
1921 -2.1317
1922 -2.12394
1923 -2.11619
1924 -2.10844
1925 -2.10071
1926 -2.09298
1927 -2.08525
1928 -2.07754
1929 -2.06983
1930 -2.06213
1931 -2.05444
1932 -2.04675
1933 -2.03908
1934 -2.03141
1935 -2.02375
1936 -2.01609
1937 -2.00844
1938 -2.0008
1939 -1.99317
1940 -1.98555
1941 -1.97793
1942 -1.97032
1943 -1.96272
1944 -1.95512
1945 -1.94753
1946 -1.93995
1947 -1.93238
1948 -1.92481
1949 -1.91725
1950 -1.90969
1951 -1.90215
1952 -1.89461
1953 -1.88708
1954 -1.87955
1955 -1.87204
1956 -1.86453
1957 -1.85702
1958 -1.84953
1959 -1.84204
1960 -1.83455
1961 -1.82708
1962 -1.81961
1963 -1.81214
1964 -1.80469
1965 -1.79724
1966 -1.7898
1967 -1.78236
1968 -1.77493
1969 -1.76751
1970 -1.7601
1971 -1.75269
1972 -1.74529
1973 -1.73789
1974 -1.7305
1975 -1.72312
1976 -1.71574
1977 -1.70837
1978 -1.70101
1979 -1.69365
1980 -1.68631
1981 -1.67896
1982 -1.67162
1983 -1.66429
1984 -1.65697
1985 -1.64965
1986 -1.64234
1987 -1.63504
1988 -1.62774
1989 -1.62045
1990 -1.61316
1991 -1.60589
1992 -1.59861
1993 -1.59135
1994 -1.58409
1995 -1.57684
1996 -1.56959
1997 -1.56235
1998 -1.55512
1999 -1.54789
2000 -1.54067
2001 -1.53346
2002 -1.52625
2003 -1.51905
2004 -1.51185
2005 -1.50467
2006 -1.49749
2007 -1.49031
2008 -1.48314
2009 -1.47598
2010 -1.46882
2011 -1.46168
2012 -1.45453
2013 -1.4474
2014 -1.44027
2015 -1.43315
2016 -1.42603
2017 -1.41892
2018 -1.41182
2019 -1.40472
2020 -1.39763
2021 -1.39054
2022 -1.38347
2023 -1.3764
2024 -1.36933
2025 -1.36227
2026 -1.35522
2027 -1.34818
2028 -1.34114
2029 -1.33411
2030 -1.32708
2031 -1.32006
2032 -1.31305
2033 -1.30605
2034 -1.29905
2035 -1.29205
2036 -1.28507
2037 -1.27809
2038 -1.27112
2039 -1.26415
2040 -1.25719
2041 -1.25024
2042 -1.24329
2043 -1.23635
2044 -1.22942
2045 -1.22249
2046 -1.21557
2047 -1.20865
2048 -1.20175
2049 -1.19484
2050 -1.18795
2051 -1.18106
2052 -1.17418
2053 -1.16731
2054 -1.16044
2055 -1.15358
2056 -1.14672
2057 -1.13987
2058 -1.13303
2059 -1.1262
2060 -1.11937
2061 -1.11255
2062 -1.10573
2063 -1.09892
2064 -1.09212
2065 -1.08533
2066 -1.07854
2067 -1.07176
2068 -1.06498
2069 -1.05821
2070 -1.05145
2071 -1.04469
2072 -1.03794
2073 -1.0312
2074 -1.02447
2075 -1.01774
2076 -1.01101
2077 -1.0043
2078 -0.997589
2079 -0.990887
2080 -0.984191
2081 -0.977502
2082 -0.97082
2083 -0.964144
2084 -0.957475
2085 -0.950813
2086 -0.944157
2087 -0.937508
2088 -0.930866
2089 -0.92423
2090 -0.917602
2091 -0.910979
2092 -0.904364
2093 -0.897755
2094 -0.891153
2095 -0.884558
2096 -0.87797
2097 -0.871388
2098 -0.864813
2099 -0.858245
2100 -0.851683
2101 -0.845129
2102 -0.838581
2103 -0.83204
2104 -0.825505
2105 -0.818978
2106 -0.812457
2107 -0.805943
2108 -0.799435
2109 -0.792935
2110 -0.786441
2111 -0.779954
2112 -0.773474
2113 -0.767001
2114 -0.760534
2115 -0.754075
2116 -0.747622
2117 -0.741176
2118 -0.734737
2119 -0.728305
2120 -0.721879
2121 -0.715461
2122 -0.709049
2123 -0.702644
2124 -0.696246
2125 -0.689855
2126 -0.683471
2127 -0.677093
2128 -0.670723
2129 -0.664359
2130 -0.658002
2131 -0.651653
2132 -0.64531
2133 -0.638974
2134 -0.632645
2135 -0.626322
2136 -0.620007
2137 -0.613699
2138 -0.607397
2139 -0.601103
2140 -0.594816
2141 -0.588535
2142 -0.582261
2143 -0.575995
2144 -0.569735
2145 -0.563482
2146 -0.557237
2147 -0.550998
2148 -0.544766
2149 -0.538542
2150 -0.532324
2151 -0.526113
2152 -0.519909
2153 -0.513713
2154 -0.507523
2155 -0.50134
2156 -0.495165
2157 -0.488996
2158 -0.482835
2159 -0.47668
2160 -0.470533
2161 -0.464392
2162 -0.458259
2163 -0.452133
2164 -0.446013
2165 -0.439901
2166 -0.433796
2167 -0.427698
2168 -0.421608
2169 -0.415524
2170 -0.409447
2171 -0.403378
2172 -0.397315
2173 -0.39126
2174 -0.385212
2175 -0.379171
2176 -0.373137
2177 -0.36711
2178 -0.361091
2179 -0.355078
2180 -0.349073
2181 -0.343075
2182 -0.337084
2183 -0.3311
2184 -0.325124
2185 -0.319155
2186 -0.313192
2187 -0.307238
2188 -0.30129
2189 -0.295349
2190 -0.289416
2191 -0.28349
2192 -0.277571
2193 -0.27166
2194 -0.265755
2195 -0.259858
2196 -0.253968
2197 -0.248086
2198 -0.24221
2199 -0.236342
2200 -0.230481
2201 -0.224628
2202 -0.218782
2203 -0.212943
2204 -0.207111
2205 -0.201287
2206 -0.19547
2207 -0.18966
2208 -0.183858
2209 -0.178063
2210 -0.172275
2211 -0.166495
2212 -0.160722
2213 -0.154956
2214 -0.149198
2215 -0.143447
2216 -0.137703
2217 -0.131967
2218 -0.126238
2219 -0.120517
2220 -0.114803
2221 -0.109096
2222 -0.103397
2223 -0.0977054
2224 -0.092021
2225 -0.086344
2226 -0.0806744
2227 -0.0750123
2228 -0.0693576
2229 -0.0637104
2230 -0.0580706
2231 -0.0524383
2232 -0.0468134
2233 -0.041196
2234 -0.0355861
2235 -0.0299836
2236 -0.0243887
2237 -0.0188012
2238 -0.0132212
2239 -0.00764871
2240 -0.00208373
2241 0.00347374
2242 0.00902369
2243 0.0145661
2244 0.020101
2245 0.0256284
2246 0.0311482
2247 0.0366605
2248 0.0421652
2249 0.0476624
2250 0.053152
2251 0.058634
2252 0.0641084
2253 0.0695753
2254 0.0750346
2255 0.0804863
2256 0.0859304
2257 0.0913669
2258 0.0967958
2259 0.102217
2260 0.107631
2261 0.113037
2262 0.118435
2263 0.123826
2264 0.129209
2265 0.134585
2266 0.139952
2267 0.145313
2268 0.150665
2269 0.15601
2270 0.161347
2271 0.166677
2272 0.171998
2273 0.177313
2274 0.182619
2275 0.187918
2276 0.193209
2277 0.198492
2278 0.203768
2279 0.209035
2280 0.214296
2281 0.219548
2282 0.224793
2283 0.23003
2284 0.235259
2285 0.24048
2286 0.245694
2287 0.2509
2288 0.256098
2289 0.261288
2290 0.266471
2291 0.271646
2292 0.276813
2293 0.281972
2294 0.287123
2295 0.292267
2296 0.297402
2297 0.30253
2298 0.30765
2299 0.312763
2300 0.317867
2301 0.322964
2302 0.328053
2303 0.333134
2304 0.338207
2305 0.343272
2306 0.348329
2307 0.353379
2308 0.35842
2309 0.363454
2310 0.36848
2311 0.373498
2312 0.378508
2313 0.38351
2314 0.388505
2315 0.393491
2316 0.398469
2317 0.40344
2318 0.408402
2319 0.413357
2320 0.418304
2321 0.423243
2322 0.428174
2323 0.433097
2324 0.438012
2325 0.442919
2326 0.447818
2327 0.452709
2328 0.457592
2329 0.462467
2330 0.467334
2331 0.472194
2332 0.477045
2333 0.481888
2334 0.486723
2335 0.49155
2336 0.49637
2337 0.501181
2338 0.505984
2339 0.510779
2340 0.515566
2341 0.520345
2342 0.525117
2343 0.52988
2344 0.534635
2345 0.539382
2346 0.544121
2347 0.548851
2348 0.553574
2349 0.558289
2350 0.562996
2351 0.567694
2352 0.572385
2353 0.577067
2354 0.581742
2355 0.586408
2356 0.591066
2357 0.595716
2358 0.600358
2359 0.604992
2360 0.609618
2361 0.614236
2362 0.618845
2363 0.623447
2364 0.62804
2365 0.632625
2366 0.637202
2367 0.641771
2368 0.646332
2369 0.650884
2370 0.655429
2371 0.659965
2372 0.664493
2373 0.669013
2374 -3.77
2375 -3.75997
2376 -3.74996
2377 -3.73996
2378 -3.72998
2379 -3.72001
2380 -3.71006
2381 -3.70012
2382 -3.69019
2383 -3.68028
2384 -3.67038
2385 -3.6605
2386 -3.65063
2387 -3.64077
2388 -3.63093
2389 -3.6211
2390 -3.61129
2391 -3.60149
2392 -3.5917
2393 -3.58193
2394 -3.57217
2395 -3.56243
2396 -3.5527
2397 -3.54298
2398 -3.53327
2399 -3.52358
2400 -3.5139
2401 -3.50424
2402 -3.49459
2403 -3.48495
2404 -3.47533
2405 -3.46571
2406 -3.45611
2407 -3.44653
2408 -3.43696
2409 -3.4274
2410 -3.41785
2411 -3.40832
2412 -3.3988
2413 -3.38929
2414 -3.37979
2415 -2.88248
2416 -2.87462
2417 -2.86677
2418 -2.85894
2419 0.0977873
2420 0.107137
2421 0.116466
2422 0.125775
2423 0.135062
2424 0.144328
2425 0.153574
2426 0.162799
2427 0.172004
2428 0.181188
2429 0.190351
2430 0.199494
2431 0.208617
2432 0.217719
2433 0.226802
2434 0.235864
2435 0.244906
2436 0.253928
2437 0.262931
2438 0.271913
2439 0.280876
2440 0.289819
2441 0.298742
2442 0.307646
2443 0.31653
2444 0.325395
2445 0.33424
2446 0.343066
2447 0.351873
2448 0.36066
2449 0.369428
2450 0.378178
2451 0.386908
2452 0.395619
2453 0.404312
2454 0.412985
2455 0.42164
2456 0.430277
2457 0.438894
2458 0.447493
2459 0.456074
2460 0.464636
2461 0.47318
2462 0.481705
2463 0.490212
2464 0.498701
2465 0.507172
2466 0.515625
2467 0.52406
2468 0.532477
2469 0.540876
2470 0.549257
2471 0.55762
2472 0.565966
2473 0.574294
2474 0.582605
2475 0.590898
2476 0.599174
2477 0.607432
2478 0.615673
2479 0.623896
2480 0.632103
2481 0.640292
2482 0.648464
2483 0.656619
2484 0.664758
2485 0.672879
2486 0.680983
2487 0.689071
2488 0.697142
2489 0.705196
2490 0.713234
2491 0.721255
2492 0.72926
2493 0.737248
2494 0.74522
2495 0.753175
2496 0.761114
2497 0.769037
2498 0.776944
2499 0.784835
2500 0.79271
2501 0.800569
2502 0.808412
2503 0.816239
2504 0.82405
2505 0.831845
2506 0.839625
2507 0.847389
2508 0.855138
2509 0.862871
2510 0.870588
2511 0.878291
2512 0.885977
2513 0.893649
2514 0.901305
2515 0.908946
2516 0.916572
2517 0.924183
2518 0.931779
2519 0.93936
2520 0.946926
2521 0.954477
2522 0.962014
2523 0.969535
2524 0.977042
2525 0.984535
2526 0.992012
2527 0.999476
2528 1.00692
2529 1.01436
2530 1.02178
2531 1.02918
2532 1.03658
2533 1.04395
2534 1.05132
2535 1.05867
2536 1.066
2537 1.07332
2538 1.08063
2539 1.08792
2540 1.0952
2541 1.10247
2542 1.10972
2543 1.11696
2544 1.12418
2545 1.13139
2546 1.13859
2547 1.14577
2548 1.15294
2549 1.1601
2550 1.16724
2551 1.17438
2552 1.18149
2553 1.1886
2554 1.19569
2555 1.20277
2556 1.20983
2557 1.21688
2558 1.22392
2559 1.23095
2560 1.23796
2561 1.24496
2562 1.25195
2563 1.25893
2564 1.26589
2565 1.27284
2566 1.27978
2567 1.28671
2568 1.29362
2569 1.30052
2570 1.30741
2571 1.31428
2572 1.32115
2573 1.328
2574 1.33484
2575 1.34167
2576 1.34848
2577 1.35529
2578 1.36208
2579 1.36886
2580 1.37563
2581 1.38238
2582 1.38913
2583 1.39586
2584 1.40258
2585 1.40929
2586 1.41599
2587 1.42268
2588 1.42936
2589 1.43602
2590 1.44267
2591 1.44931
2592 1.45594
2593 1.46256
2594 1.46917
2595 1.47577
2596 1.48236
2597 1.48893
2598 1.4955
2599 1.50205
2600 1.50859
2601 1.51512
2602 1.52164
2603 1.52815
2604 1.53465
2605 1.54114
2606 1.54762
2607 1.55409
2608 1.56055
2609 1.56699
2610 1.57343
2611 1.57986
2612 1.58627
2613 1.59268
2614 1.59907
2615 1.60546
2616 1.61183
2617 1.6182
2618 1.62455
2619 1.6309
2620 1.63724
2621 1.64356
2622 1.64988
2623 1.65618
2624 1.66248
2625 1.66877
2626 1.67504
2627 1.68131
2628 1.68757
2629 1.69382
2630 1.70005
2631 1.70628
2632 1.7125
2633 1.71871
2634 1.72492
2635 1.73111
2636 1.73729
2637 1.74346
2638 1.74963
2639 1.75578
2640 1.76193
2641 1.76807
2642 1.7742
2643 1.78032
2644 1.78643
2645 1.79253
2646 1.79862
2647 1.80471
2648 1.81078
2649 1.81685
2650 1.82291
2651 1.82896
2652 1.835
2653 1.84103
2654 1.84706
2655 1.85308
2656 1.85908
2657 1.86508
2658 1.87108
2659 1.87706
2660 1.88303
2661 1.889
2662 1.89496
2663 1.90091
2664 1.90685
2665 1.91279
2666 1.91872
2667 1.92464
2668 1.93055
2669 1.93645
2670 1.94235
2671 1.94824
2672 1.95412
2673 1.95999
2674 1.96585
2675 1.97171
2676 1.97756
2677 1.98341
2678 1.98924
2679 1.99507
2680 2.00089
2681 2.0067
2682 2.01251
2683 2.01831
2684 2.0241
2685 2.02989
2686 2.03567
2687 2.04144
2688 2.0472
2689 2.05296
2690 2.05871
2691 2.06445
2692 2.07019
2693 2.07592
2694 2.08164
2695 2.08736
2696 2.09307
2697 2.09877
2698 2.10447
2699 2.11016
2700 2.11584
2701 2.12152
2702 2.12719
2703 2.13285
2704 2.13851
2705 2.14416
2706 2.14981
2707 2.15544
2708 2.16108
2709 2.1667
2710 2.17232
2711 2.17794
2712 2.18355
2713 2.18915
2714 2.19475
2715 2.20034
2716 2.20592
2717 2.2115
2718 2.21708
2719 2.22264
2720 2.22821
2721 2.23376
2722 2.23931
2723 2.24486
2724 2.2504
2725 2.25593
2726 2.26146
2727 2.26698
2728 2.2725
2729 2.27801
2730 2.28351
2731 2.28901
2732 2.29451
2733 2.3
2734 2.30548
2735 2.31096
2736 2.31643
2737 2.32189
2738 2.32735
2739 2.3328
2740 2.33825
2741 2.34369
2742 2.34913
2743 2.35456
2744 2.35998
2745 2.3654
2746 2.37081
2747 2.37622
2748 2.38162
2749 2.38701
2750 2.3924
2751 2.39778
2752 2.40316
2753 2.40853
2754 2.4139
2755 2.41925
2756 2.42461
2757 2.42995
2758 2.43529
2759 2.44063
2760 2.44596
2761 2.45128
2762 2.45659
2763 2.4619
2764 2.46721
2765 2.47251
2766 2.4778
2767 2.48308
2768 2.48836
2769 2.49364
2770 2.4989
2771 2.50416
2772 2.50942
2773 2.51467
2774 2.51991
2775 2.52514
2776 2.53037
2777 2.5356
2778 2.54081
2779 2.54603
2780 2.55123
2781 2.55643
2782 2.56162
2783 2.56681
2784 2.57199
2785 2.57716
2786 2.58233
2787 2.58749
2788 2.59264
2789 2.59779
2790 2.60293
2791 2.60806
2792 2.61319
2793 2.61832
2794 2.62343
2795 2.62854
2796 2.63364
2797 2.63874
2798 2.64383
2799 2.64891
2800 2.65399
2801 2.65906
2802 2.66413
2803 2.66918
2804 2.67423
2805 2.67928
2806 2.68432
2807 2.68935
2808 2.69437
2809 2.69939
2810 2.7044
2811 2.70941
2812 2.71441
2813 2.7194
2814 2.72439
2815 2.72936
2816 2.73434
2817 2.7393
2818 2.74426
2819 2.74921
2820 2.75416
2821 2.7591
2822 2.76403
2823 2.76896
2824 2.77388
2825 2.77879
2826 2.7837
2827 2.78859
2828 2.79349
2829 2.79837
2830 2.80325
2831 2.80812
2832 2.81299
2833 2.81785
2834 2.8227
2835 2.82755
2836 2.83238
2837 2.83722
2838 2.84204
2839 2.84686
2840 2.85167
2841 2.85648
2842 2.86127
2843 2.86607
2844 2.87085
2845 2.87563
2846 2.8804
2847 2.88516
2848 2.88992
2849 2.89467
2850 2.89941
2851 2.90415
2852 2.90888
2853 2.9136
2854 2.91832
2855 2.92302
2856 2.92773
2857 2.93242
2858 2.93711
2859 2.94179
2860 2.94646
2861 2.95113
2862 2.95579
2863 2.96045
2864 2.96509
2865 2.96973
2866 2.97437
2867 2.97899
2868 2.98361
2869 2.98822
2870 2.99283
2871 2.99742
2872 3.00201
2873 3.0066
2874 3.01118
2875 3.01575
2876 3.02031
2877 3.02486
2878 3.02941
2879 3.03395
2880 3.03849
2881 3.04302
2882 3.04754
2883 3.05205
2884 3.05656
2885 3.06106
2886 3.06555
2887 3.07004
2888 3.07451
2889 3.07899
2890 3.08345
2891 3.08791
2892 3.09236
2893 3.0968
2894 3.10124
2895 3.10567
2896 3.11009
2897 3.1145
2898 3.11891
2899 3.12331
2900 3.1277
2901 3.13209
2902 3.13647
2903 3.14084
2904 3.14521
2905 3.14956
2906 3.15392
2907 3.15826
2908 3.1626
2909 3.16692
2910 3.17125
2911 3.17556
2912 3.17987
2913 3.18417
2914 3.18846
2915 3.19275
2916 3.19703
2917 3.2013
2918 3.20557
2919 3.20983
2920 3.21408
2921 3.21832
2922 3.22256
2923 3.22679
2924 3.23101
2925 3.23522
2926 3.23943
2927 3.24363
2928 3.24782
2929 3.25201
2930 3.25619
2931 3.26036
2932 3.26453
2933 3.26868
2934 3.27283
2935 3.27698
2936 3.28111
2937 3.28524
2938 3.28936
2939 3.29348
2940 3.29758
2941 3.30168
2942 3.30578
2943 3.30986
2944 3.31394
2945 3.31801
2946 3.32208
2947 3.32613
2948 3.33018
2949 3.33422
2950 3.33826
2951 3.34229
2952 3.34631
2953 3.35032
2954 3.35433
2955 3.35833
2956 3.36232
2957 3.3663
2958 3.37028
2959 3.37425
2960 3.37821
2961 3.38217
2962 3.38612
2963 3.39006
2964 3.39399
2965 3.39792
2966 3.40184
2967 3.40575
2968 3.40966
2969 3.41356
2970 3.41745
2971 3.42133
2972 3.42521
2973 3.42908
2974 3.43294
2975 3.4368
2976 3.44064
2977 3.44448
2978 3.44832
2979 3.45214
2980 3.45596
2981 3.45978
2982 3.46358
2983 3.46738
2984 3.47117
2985 3.47495
2986 3.47873
2987 3.4825
2988 3.48626
2989 3.49001
2990 3.49376
2991 3.4975
2992 3.50123
2993 3.50496
2994 3.50868
2995 3.51239
2996 3.51609
2997 3.51979
2998 3.52348
2999 3.52716
3000 3.53084
3001 3.53451
3002 3.53817
3003 3.54182
3004 3.54547
3005 3.54911
3006 3.55274
3007 3.55637
3008 3.55999
3009 3.5636
3010 3.5672
3011 3.5708
3012 3.57439
3013 3.57797
3014 3.58155
3015 3.58512
3016 3.58868
3017 3.59223
3018 3.59578
3019 3.59932
3020 3.60285
3021 3.60638
3022 3.6099
3023 3.61341
3024 3.61691
3025 3.62041
3026 3.6239
3027 3.62739
3028 3.63086
3029 3.63433
3030 3.63779
3031 3.64125
3032 3.6447
3033 3.64814
3034 3.65157
3035 3.655
3036 3.65842
3037 3.66183
3038 3.66524
3039 3.66864
3040 3.67203
3041 3.67542
3042 3.67879
3043 3.68217
3044 3.68553
3045 3.68889
3046 3.69224
3047 3.69558
3048 3.69892
3049 3.70225
3050 3.70557
3051 3.70888
3052 3.71219
3053 3.71549
3054 3.71879
3055 3.72208
3056 3.72536
3057 3.72863
3058 3.7319
3059 3.73516
3060 3.73841
3061 3.74166
3062 3.74489
3063 3.74813
3064 -1.27495
3065 -1.26509
3066 -1.25525
3067 -1.24542
3068 -1.23561
3069 -1.22581
3070 -1.21603
3071 -1.20627
3072 -1.19652
3073 -1.18679
3074 -1.17707
3075 -1.16737
3076 -1.15769
3077 -1.14802
3078 -1.13836
3079 -1.12873
3080 -1.1191
3081 -1.1095
3082 -1.0999
3083 -1.09033
3084 -1.08077
3085 -1.07122
3086 -1.06169
3087 -1.05218
3088 -1.04268
3089 -1.03319
3090 -1.02372
3091 -1.01427
3092 -1.00483
3093 -0.995405
3094 -0.985996
3095 -0.976602
3096 -0.967223
3097 -0.957858
3098 -0.948509
3099 -0.939174
3100 -0.929854
3101 -0.920549
3102 -0.911259
3103 -0.901983
3104 -0.892722
3105 -0.883475
3106 -0.874243
3107 -0.865025
3108 -0.855822
3109 -0.846633
3110 -0.837459
3111 -1.53055
3112 -1.51744
3113 -1.50434
3114 -1.49127
3115 -4.36445
3116 -4.35375
3117 -4.34308
3118 -4.33242
3119 -4.32177
3120 -4.31115
3121 -4.30054
3122 -4.28994
3123 -4.27937
3124 -4.26881
3125 -4.25827
3126 -4.24774
3127 -4.23724
3128 -4.22675
3129 -4.21627
3130 -4.20581
3131 -4.19537
3132 -4.18495
3133 -4.17454
3134 -4.16415
3135 -4.15377
3136 -4.14341
3137 -4.13307
3138 -4.12274
3139 -4.11243
3140 -4.10214
3141 -4.09186
3142 -4.08159
3143 -4.07135
3144 -4.06111
3145 -4.0509
3146 -4.0407
3147 -4.03051
3148 -4.02035
3149 -4.01019
3150 -4.00006
3151 -3.98993
3152 -3.97983
3153 -3.96974
3154 -3.95966
3155 -3.9496
3156 -3.93955
3157 -3.92952
3158 -3.91951
3159 -3.90951
3160 -3.89952
3161 -3.88955
3162 -3.8796
3163 -3.86966
3164 -3.85973
3165 -3.84982
3166 -3.83992
3167 -3.83004
3168 -3.82018
3169 -3.81032
3170 -3.80049
3171 -3.79066
3172 -3.78085
3173 -3.77106
3174 -3.76128
3175 -3.75151
3176 -3.74176
3177 -3.73202
3178 -3.7223
3179 -3.71259
3180 -3.7029
3181 -3.69322
3182 -3.68355
3183 -3.67389
3184 -3.66425
3185 -3.65463
3186 -3.64502
3187 -3.63542
3188 -3.62583
3189 -3.61626
3190 -3.60671
3191 -3.59716
3192 -3.58763
3193 -3.57812
3194 -3.56861
3195 -3.55912
3196 -3.54965
3197 -3.54018
3198 -3.53073
3199 -3.52129
3200 -3.51187
3201 -3.50246
3202 -3.49306
3203 -3.48368
3204 -3.47431
3205 -3.46495
3206 -3.4556
3207 -3.44627
3208 -3.43695
3209 -3.42764
3210 -3.41835
3211 -3.40906
3212 -3.3998
3213 -3.39054
3214 -3.38129
3215 -3.37206
3216 -3.36284
3217 -3.35364
3218 -3.34444
3219 -3.33526
3220 -3.32609
3221 -3.31693
3222 -3.30779
3223 -3.29866
3224 -3.28953
3225 -3.28043
3226 -3.27133
3227 -3.26224
3228 -3.25317
3229 -3.24411
3230 -3.23506
3231 -3.22603
3232 -3.217
3233 -3.20799
3234 -3.19899
3235 -3.19
3236 -3.18102
3237 -3.17205
3238 -3.1631
3239 -3.15415
3240 -3.14522
3241 -3.1363
3242 -3.12739
3243 -3.1185
3244 -3.10961
3245 -3.10074
3246 -3.09187
3247 -3.08302
3248 -3.07418
3249 -3.06535
3250 -3.05653
3251 -3.04773
3252 -3.03893
3253 -3.03015
3254 -3.02137
3255 -3.01261
3256 -3.00386
3257 -2.99512
3258 -2.98639
3259 -2.97767
3260 -2.96896
3261 -2.96026
3262 -2.95158
3263 -2.9429
3264 -2.93423
3265 -2.92558
3266 -2.91694
3267 -2.9083
3268 -2.89968
3269 -2.89107
3270 -2.88246
3271 -2.87387
3272 -2.86529
3273 -2.85672
3274 -2.84816
3275 -2.83961
3276 -2.83107
3277 -2.82254
3278 -2.81402
3279 -2.80551
3280 -2.79701
3281 -2.78852
3282 -2.78004
3283 -2.77158
3284 -2.76312
3285 -2.75467
3286 -2.74623
3287 -2.7378
3288 -2.72938
3289 -2.72097
3290 -2.71257
3291 -2.70418
3292 -2.6958
3293 -2.68743
3294 -2.67907
3295 -2.67072
3296 -2.66238
3297 -2.65405
3298 -2.64573
3299 -2.63741
3300 -2.62911
3301 -2.62082
3302 -2.61253
3303 -2.60426
3304 -2.59599
3305 -2.58774
3306 -2.57949
3307 -2.57125
3308 -2.56303
3309 -2.55481
3310 -2.5466
3311 -2.5384
3312 -2.53021
3313 -2.52202
3314 -2.51385
3315 -2.50569
3316 -2.49753
3317 -2.48939
3318 -2.48125
3319 -2.47312
3320 -2.465
3321 -2.45689
3322 -2.44879
3323 -2.4407
3324 -2.43262
3325 -2.42454
3326 -2.41648
3327 -2.40842
3328 -2.40037
3329 -2.39233
3330 -2.3843
3331 -2.37628
3332 -2.36826
3333 -2.36026
3334 -2.35226
3335 -2.34427
3336 -2.33629
3337 -2.32832
3338 -2.32036
3339 -2.3124
3340 -2.30446
3341 -2.29652
3342 -2.28859
3343 -2.28067
3344 -2.27275
3345 -2.26485
3346 -2.25695
3347 -2.24906
3348 -2.24118
3349 -2.23331
3350 -2.22545
3351 -2.21759
3352 -2.20974
3353 -2.2019
3354 -2.19407
3355 -2.18625
3356 -2.17843
3357 -2.17062
3358 -2.16282
3359 -2.15503
3360 -2.14725
3361 -2.13947
3362 -2.1317
3363 -2.12394
3364 -2.11619
3365 -2.10844
3366 -2.10071
3367 -2.09298
3368 -2.08525
3369 -2.07754
3370 -2.06983
3371 -2.06213
3372 -2.05444
3373 -2.04675
3374 -2.03908
3375 -2.03141
3376 -2.02375
3377 -2.01609
3378 -2.00844
3379 -2.0008
3380 -1.99317
3381 -1.98555
3382 -1.97793
3383 -1.97032
3384 -1.96272
3385 -1.95512
3386 -1.94753
3387 -1.93995
3388 -1.93238
3389 -1.92481
3390 -1.91725
3391 -1.90969
3392 -1.90215
3393 -1.89461
3394 -1.88708
3395 -1.87955
3396 -1.87204
3397 -1.86453
3398 -1.85702
3399 -1.84953
3400 -1.84204
3401 -1.83455
3402 -1.82708
3403 -1.81961
3404 -1.81214
3405 -1.80469
3406 -1.79724
3407 -1.7898
3408 -1.78236
3409 -1.77493
3410 -1.76751
3411 -1.7601
3412 -1.75269
3413 -1.74529
3414 -1.73789
3415 -1.7305
3416 -1.72312
3417 -1.71574
3418 -1.70837
3419 -1.70101
3420 -1.69365
3421 -1.68631
3422 -1.67896
3423 -1.67162
3424 -1.66429
3425 -1.65697
3426 -1.64965
3427 -1.64234
3428 -1.63504
3429 -1.62774
3430 -1.62045
3431 -1.61316
3432 -1.60589
3433 -1.59861
3434 -1.59135
3435 -1.58409
3436 -1.57684
3437 -1.56959
3438 -1.56235
3439 -1.55512
3440 -1.54789
3441 -1.54067
3442 -1.53346
3443 -1.52625
3444 -1.51905
3445 -1.51185
3446 -1.50467
3447 -1.49749
3448 -1.49031
3449 -1.48314
3450 -1.47598
3451 -1.46882
3452 -1.46168
3453 -1.45453
3454 -1.4474
3455 -1.44027
3456 -1.43315
3457 -1.42603
3458 -1.41892
3459 -1.41182
3460 -1.40472
3461 -1.39763
3462 -1.39054
3463 -1.38347
3464 -1.3764
3465 -1.36933
3466 -1.36227
3467 -1.35522
3468 -1.34818
3469 -1.34114
3470 -1.33411
3471 -1.32708
3472 -1.32006
3473 -1.31305
3474 -1.30605
3475 -1.29905
3476 -1.29205
3477 -1.28507
3478 -1.27809
3479 -1.27112
3480 -1.26415
3481 -1.25719
3482 -1.25024
3483 -1.24329
3484 -1.23635
3485 -1.22942
3486 -1.22249
3487 -1.21557
3488 -1.20865
3489 -1.20175
3490 -1.19484
3491 -1.18795
3492 -1.18106
3493 -1.17418
3494 -1.16731
3495 -1.16044
3496 -1.15358
3497 -1.14672
3498 -1.13987
3499 -1.13303
3500 -1.1262
3501 -1.11937
3502 -1.11255
3503 -1.10573
3504 -1.09892
3505 -1.09212
3506 -1.08533
3507 -1.07854
3508 -1.07176
3509 -1.06498
3510 -1.05821
3511 -1.05145
3512 -1.04469
3513 -1.03794
3514 -1.0312
3515 -1.02447
3516 -1.01774
3517 -1.01101
3518 -1.0043
3519 -0.997589
3520 -0.990887
3521 -0.984191
3522 -0.977502
3523 -0.97082
3524 -0.964144
3525 -0.957475
3526 -0.950813
3527 -0.944157
3528 -0.937508
3529 -0.930866
3530 -0.92423
3531 -0.917602
3532 -0.910979
3533 -0.904364
3534 -0.897755
3535 -0.891153
3536 -0.884558
3537 -0.87797
3538 -0.871388
3539 -0.864813
3540 -0.858245
3541 -0.851683
3542 -0.845129
3543 -0.838581
3544 -0.83204
3545 -0.825505
3546 -0.818978
3547 -0.812457
3548 -0.805943
3549 -0.799435
3550 -0.792935
3551 -0.786441
3552 -0.779954
3553 -0.773474
3554 -0.767001
3555 -0.760534
3556 -0.754075
3557 -0.747622
3558 -0.741176
3559 -0.734737
3560 -0.728305
3561 -0.721879
3562 -0.715461
3563 -0.709049
3564 -0.702644
3565 -0.696246
3566 -0.689855
3567 -0.683471
3568 -0.677093
3569 -0.670723
3570 -0.664359
3571 -0.658002
3572 -0.651653
3573 -0.64531
3574 -0.638974
3575 -0.632645
3576 -0.626322
3577 -0.620007
3578 -0.613699
3579 -0.607397
3580 -0.601103
3581 -0.594816
3582 -0.588535
3583 -0.582261
3584 -0.575995
3585 -0.569735
3586 -0.563482
3587 -0.557237
3588 -0.550998
3589 -0.544766
3590 -0.538542
3591 -0.532324
3592 -0.526113
3593 -0.519909
3594 -0.513713
3595 -0.507523
3596 -0.50134
3597 -0.495165
3598 -0.488996
3599 -0.482835
3600 -0.47668
3601 -0.470533
3602 -0.464392
3603 -0.458259
3604 -0.452133
3605 -0.446013
3606 -0.439901
3607 -0.433796
3608 -0.427698
3609 -0.421608
3610 -0.415524
3611 -0.409447
3612 -0.403378
3613 -0.397315
3614 -0.39126
3615 -0.385212
3616 -0.379171
3617 -0.373137
3618 -0.36711
3619 -0.361091
3620 -0.355078
3621 -0.349073
3622 -0.343075
3623 -0.337084
3624 -0.3311
3625 -0.325124
3626 -0.319155
3627 -0.313192
3628 -0.307238
3629 -0.30129
3630 -0.295349
3631 -0.289416
3632 -0.28349
3633 -0.277571
3634 -0.27166
3635 -0.265755
3636 -0.259858
3637 -0.253968
3638 -0.248086
3639 -0.24221
3640 -0.236342
3641 -0.230481
3642 -0.224628
3643 -0.218782
3644 -0.212943
3645 -0.207111
3646 -0.201287
3647 -0.19547
3648 -0.18966
3649 -0.183858
3650 -0.178063
3651 -0.172275
3652 -0.166495
3653 -0.160722
3654 -0.154956
3655 -0.149198
3656 -0.143447
3657 -0.137703
3658 -0.131967
3659 -0.126238
3660 -0.120517
3661 -0.114803
3662 -0.109096
3663 -0.103397
3664 -0.0977054
3665 -0.092021
3666 -0.086344
3667 -0.0806744
3668 -0.0750123
3669 -0.0693576
3670 -0.0637104
3671 -0.0580706
3672 -0.0524383
3673 -0.0468134
3674 -0.041196
3675 -0.0355861
3676 -0.0299836
3677 -0.0243887
3678 -0.0188012
3679 -0.0132212
3680 -0.00764871
3681 -0.00208373
3682 0.00347374
3683 0.00902369
3684 0.0145661
3685 0.020101
3686 0.0256284
3687 0.0311482
3688 0.0366605
3689 0.0421652
3690 0.0476624
3691 0.053152
3692 0.058634
3693 0.0641084
3694 0.0695753
3695 0.0750346
3696 0.0804863
3697 0.0859304
3698 0.0913669
3699 0.0967958
3700 0.102217
3701 0.107631
3702 0.113037
3703 0.118435
3704 0.123826
3705 0.129209
3706 0.134585
3707 0.139952
3708 0.145313
3709 0.150665
3710 0.15601
3711 0.161347
3712 0.166677
3713 0.171998
3714 0.177313
3715 0.182619
3716 0.187918
3717 0.193209
3718 0.198492
3719 0.203768
3720 0.209035
3721 0.214296
3722 0.219548
3723 0.224793
3724 0.23003
3725 0.235259
3726 0.24048
3727 0.245694
3728 0.2509
3729 0.256098
3730 0.261288
3731 0.266471
3732 0.271646
3733 0.276813
3734 0.281972
3735 0.287123
3736 0.292267
3737 0.297402
3738 0.30253
3739 0.30765
3740 0.312763
3741 0.317867
3742 0.322964
3743 0.328053
3744 0.333134
3745 0.338207
3746 0.343272
3747 0.348329
3748 0.353379
3749 0.35842
3750 0.363454
3751 0.36848
3752 0.373498
3753 0.378508
3754 0.38351
3755 0.388505
3756 0.393491
3757 0.398469
3758 0.40344
3759 0.408402
3760 0.413357
3761 0.418304
3762 0.423243
3763 0.428174
3764 0.433097
3765 0.438012
3766 0.442919
3767 0.447818
3768 0.452709
3769 0.457592
3770 0.462467
3771 0.467334
3772 0.472194
3773 0.477045
3774 0.481888
3775 0.486723
3776 0.49155
3777 0.49637
3778 0.501181
3779 0.505984
3780 0.510779
3781 0.515566
3782 0.520345
3783 0.525117
3784 0.52988
3785 0.534635
3786 0.539382
3787 0.544121
3788 0.548851
3789 0.553574
3790 0.558289
3791 0.562996
3792 0.567694
3793 0.572385
3794 0.577067
3795 0.581742
3796 0.586408
3797 0.591066
3798 0.595716
3799 0.600358
3800 0.604992
3801 0.609618
3802 -3.69568
3803 -3.68577
3804 -3.67587
3805 -3.66599
3806 -3.65612
3807 -3.64626
3808 -3.63642
3809 -3.62659
3810 -3.61678
3811 -3.60698
3812 -3.59719
3813 -3.58742
3814 -3.57766
3815 -3.56791
3816 -3.55818
3817 -3.54846
3818 -3.53875
3819 -3.52906
3820 -3.51938
3821 -3.50972
3822 -3.50007
3823 -3.49043
3824 -3.4808
3825 -3.47119
3826 -3.46159
3827 -3.45201
3828 -3.44243
3829 -3.43287
3830 -3.42333
3831 -3.41379
3832 -3.40427
3833 -3.39476
3834 -3.38527
3835 -3.37578
3836 -3.36631
3837 -3.35686
3838 -3.34741
3839 -3.33798
3840 -3.32856
3841 -3.31915
3842 -3.30976
3843 -3.30037
3844 -3.291
3845 -3.28164
3846 -3.2723
3847 -3.26296
3848 -3.25364
3849 -3.24433
3850 -3.23504
3851 -3.22575
3852 -3.21648
3853 -3.20722
3854 -3.19797
3855 -3.18873
3856 -2.72918
3857 -2.72154
3858 -2.7139
3859 -2.70628
3860 -2.69866
3861 0.0977873
3862 0.107137
3863 0.116466
3864 0.125775
3865 0.135062
3866 0.144328
3867 0.153574
3868 0.162799
3869 0.172004
3870 0.181188
3871 0.190351
3872 0.199494
3873 0.208617
3874 0.217719
3875 0.226802
3876 0.235864
3877 0.244906
3878 0.253928
3879 0.262931
3880 0.271913
3881 0.280876
3882 0.289819
3883 0.298742
3884 0.307646
3885 0.31653
3886 0.325395
3887 0.33424
3888 0.343066
3889 0.351873
3890 0.36066
3891 0.369428
3892 0.378178
3893 0.386908
3894 0.395619
3895 0.404312
3896 0.412985
3897 0.42164
3898 0.430277
3899 0.438894
3900 0.447493
3901 0.456074
3902 0.464636
3903 0.47318
3904 0.481705
3905 0.490212
3906 0.498701
3907 0.507172
3908 0.515625
3909 0.52406
3910 0.532477
3911 0.540876
3912 0.549257
3913 0.55762
3914 0.565966
3915 0.574294
3916 0.582605
3917 0.590898
3918 0.599174
3919 0.607432
3920 0.615673
3921 0.623896
3922 0.632103
3923 0.640292
3924 0.648464
3925 0.656619
3926 0.664758
3927 0.672879
3928 0.680983
3929 0.689071
3930 0.697142
3931 0.705196
3932 0.713234
3933 0.721255
3934 0.72926
3935 0.737248
3936 0.74522
3937 0.753175
3938 0.761114
3939 0.769037
3940 0.776944
3941 0.784835
3942 0.79271
3943 0.800569
3944 0.808412
3945 0.816239
3946 0.82405
3947 0.831845
3948 0.839625
3949 0.847389
3950 0.855138
3951 0.862871
3952 0.870588
3953 0.878291
3954 0.885977
3955 0.893649
3956 0.901305
3957 0.908946
3958 0.916572
3959 0.924183
3960 0.931779
3961 0.93936
3962 0.946926
3963 0.954477
3964 0.962014
3965 0.969535
3966 0.977042
3967 0.984535
3968 0.992012
3969 0.999476
3970 1.00692
3971 1.01436
3972 1.02178
3973 1.02918
3974 1.03658
3975 1.04395
3976 1.05132
3977 1.05867
3978 1.066
3979 1.07332
3980 1.08063
3981 1.08792
3982 1.0952
3983 1.10247
3984 1.10972
3985 1.11696
3986 1.12418
3987 1.13139
3988 1.13859
3989 1.14577
3990 1.15294
3991 1.1601
3992 1.16724
3993 1.17438
3994 1.18149
3995 1.1886
3996 1.19569
3997 1.20277
3998 1.20983
3999 1.21688
4000 1.22392
4001 1.23095
4002 1.23796
4003 1.24496
4004 1.25195
4005 1.25893
4006 1.26589
4007 1.27284
4008 1.27978
4009 1.28671
4010 1.29362
4011 1.30052
4012 1.30741
4013 1.31428
4014 1.32115
4015 1.328
4016 1.33484
4017 1.34167
4018 1.34848
4019 1.35529
4020 1.36208
4021 1.36886
4022 1.37563
4023 1.38238
4024 1.38913
4025 1.39586
4026 1.40258
4027 1.40929
4028 1.41599
4029 1.42268
4030 1.42936
4031 1.43602
4032 1.44267
4033 1.44931
4034 1.45594
4035 1.46256
4036 1.46917
4037 1.47577
4038 1.48236
4039 1.48893
4040 1.4955
4041 1.50205
4042 1.50859
4043 1.51512
4044 1.52164
4045 1.52815
4046 1.53465
4047 1.54114
4048 1.54762
4049 1.55409
4050 1.56055
4051 1.56699
4052 1.57343
4053 1.57986
4054 1.58627
4055 1.59268
4056 1.59907
4057 1.60546
4058 1.61183
4059 1.6182
4060 1.62455
4061 1.6309
4062 1.63724
4063 1.64356
4064 1.64988
4065 1.65618
4066 1.66248
4067 1.66877
4068 1.67504
4069 1.68131
4070 1.68757
4071 1.69382
4072 1.70005
4073 1.70628
4074 1.7125
4075 1.71871
4076 1.72492
4077 1.73111
4078 1.73729
4079 1.74346
4080 1.74963
4081 1.75578
4082 1.76193
4083 1.76807
4084 1.7742
4085 1.78032
4086 1.78643
4087 1.79253
4088 1.79862
4089 1.80471
4090 1.81078
4091 1.81685
4092 1.82291
4093 1.82896
4094 1.835
4095 1.84103
4096 1.84706
4097 1.85308
4098 1.85908
4099 1.86508
4100 1.87108
4101 1.87706
4102 1.88303
4103 1.889
4104 1.89496
4105 1.90091
4106 1.90685
4107 1.91279
4108 1.91872
4109 1.92464
4110 1.93055
4111 1.93645
4112 1.94235
4113 1.94824
4114 1.95412
4115 1.95999
4116 1.96585
4117 1.97171
4118 1.97756
4119 1.98341
4120 1.98924
4121 1.99507
4122 2.00089
4123 2.0067
4124 2.01251
4125 2.01831
4126 2.0241
4127 2.02989
4128 2.03567
4129 2.04144
4130 2.0472
4131 2.05296
4132 2.05871
4133 2.06445
4134 2.07019
4135 2.07592
4136 2.08164
4137 2.08736
4138 2.09307
4139 2.09877
4140 2.10447
4141 2.11016
4142 2.11584
4143 2.12152
4144 2.12719
4145 2.13285
4146 2.13851
4147 2.14416
4148 2.14981
4149 2.15544
4150 2.16108
4151 2.1667
4152 2.17232
4153 2.17794
4154 2.18355
4155 2.18915
4156 2.19475
4157 2.20034
4158 2.20592
4159 2.2115
4160 2.21708
4161 2.22264
4162 2.22821
4163 2.23376
4164 2.23931
4165 2.24486
4166 2.2504
4167 2.25593
4168 2.26146
4169 2.26698
4170 2.2725
4171 2.27801
4172 2.28351
4173 2.28901
4174 2.29451
4175 2.3
4176 2.30548
4177 2.31096
4178 2.31643
4179 2.32189
4180 2.32735
4181 2.3328
4182 2.33825
4183 2.34369
4184 2.34913
4185 2.35456
4186 2.35998
4187 2.3654
4188 2.37081
4189 2.37622
4190 2.38162
4191 2.38701
4192 2.3924
4193 2.39778
4194 2.40316
4195 2.40853
4196 2.4139
4197 2.41925
4198 2.42461
4199 2.42995
4200 2.43529
4201 2.44063
4202 2.44596
4203 2.45128
4204 2.45659
4205 2.4619
4206 2.46721
4207 2.47251
4208 2.4778
4209 2.48308
4210 2.48836
4211 2.49364
4212 2.4989
4213 2.50416
4214 2.50942
4215 2.51467
4216 2.51991
4217 2.52514
4218 2.53037
4219 2.5356
4220 2.54081
4221 2.54603
4222 2.55123
4223 2.55643
4224 2.56162
4225 2.56681
4226 2.57199
4227 2.57716
4228 2.58233
4229 2.58749
4230 2.59264
4231 2.59779
4232 2.60293
4233 2.60806
4234 2.61319
4235 2.61832
4236 2.62343
4237 2.62854
4238 2.63364
4239 2.63874
4240 2.64383
4241 2.64891
4242 2.65399
4243 2.65906
4244 2.66413
4245 2.66918
4246 2.67423
4247 2.67928
4248 2.68432
4249 2.68935
4250 2.69437
4251 2.69939
4252 2.7044
4253 2.70941
4254 2.71441
4255 2.7194
4256 2.72439
4257 2.72936
4258 2.73434
4259 2.7393
4260 2.74426
4261 2.74921
4262 2.75416
4263 2.7591
4264 2.76403
4265 2.76896
4266 2.77388
4267 2.77879
4268 2.7837
4269 2.78859
4270 2.79349
4271 2.79837
4272 2.80325
4273 2.80812
4274 2.81299
4275 2.81785
4276 2.8227
4277 2.82755
4278 2.83238
4279 2.83722
4280 2.84204
4281 2.84686
4282 2.85167
4283 2.85648
4284 2.86127
4285 2.86607
4286 2.87085
4287 2.87563
4288 2.8804
4289 2.88516
4290 2.88992
4291 2.89467
4292 2.89941
4293 2.90415
4294 2.90888
4295 2.9136
4296 2.91832
4297 2.92302
4298 2.92773
4299 2.93242
4300 2.93711
4301 2.94179
4302 2.94646
4303 2.95113
4304 2.95579
4305 2.96045
4306 2.96509
4307 2.96973
4308 2.97437
4309 2.97899
4310 2.98361
4311 2.98822
4312 2.99283
4313 2.99742
4314 3.00201
4315 3.0066
4316 3.01118
4317 3.01575
4318 3.02031
4319 3.02486
4320 3.02941
4321 3.03395
4322 3.03849
4323 3.04302
4324 3.04754
4325 3.05205
4326 3.05656
4327 3.06106
4328 3.06555
4329 3.07004
4330 3.07451
4331 3.07899
4332 3.08345
4333 3.08791
4334 3.09236
4335 3.0968
4336 3.10124
4337 3.10567
4338 3.11009
4339 3.1145
4340 3.11891
4341 3.12331
4342 3.1277
4343 3.13209
4344 3.13647
4345 3.14084
4346 3.14521
4347 3.14956
4348 3.15392
4349 3.15826
4350 3.1626
4351 3.16692
4352 3.17125
4353 3.17556
4354 3.17987
4355 3.18417
4356 3.18846
4357 3.19275
4358 3.19703
4359 3.2013
4360 3.20557
4361 3.20983
4362 3.21408
4363 3.21832
4364 3.22256
4365 3.22679
4366 3.23101
4367 3.23522
4368 3.23943
4369 3.24363
4370 3.24782
4371 3.25201
4372 3.25619
4373 3.26036
4374 3.26453
4375 3.26868
4376 3.27283
4377 3.27698
4378 3.28111
4379 3.28524
4380 3.28936
4381 3.29348
4382 3.29758
4383 3.30168
4384 3.30578
4385 3.30986
4386 3.31394
4387 3.31801
4388 3.32208
4389 3.32613
4390 3.33018
4391 3.33422
4392 3.33826
4393 3.34229
4394 3.34631
4395 3.35032
4396 3.35433
4397 3.35833
4398 3.36232
4399 3.3663
4400 3.37028
4401 3.37425
4402 3.37821
4403 3.38217
4404 3.38612
4405 3.39006
4406 3.39399
4407 3.39792
4408 3.40184
4409 3.40575
4410 3.40966
4411 3.41356
4412 3.41745
4413 3.42133
4414 3.42521
4415 3.42908
4416 3.43294
4417 3.4368
4418 3.44064
4419 3.44448
4420 3.44832
4421 3.45214
4422 3.45596
4423 3.45978
4424 3.46358
4425 3.46738
4426 3.47117
4427 3.47495
4428 3.47873
4429 3.4825
4430 3.48626
4431 3.49001
4432 3.49376
4433 3.4975
4434 3.50123
4435 3.50496
4436 3.50868
4437 3.51239
4438 3.51609
4439 3.51979
4440 3.52348
4441 3.52716
4442 3.53084
4443 3.53451
4444 3.53817
4445 3.54182
4446 3.54547
4447 3.54911
4448 3.55274
4449 3.55637
4450 3.55999
4451 3.5636
4452 3.5672
4453 3.5708
4454 3.57439
4455 3.57797
4456 3.58155
4457 3.58512
4458 3.58868
4459 3.59223
4460 3.59578
4461 3.59932
4462 3.60285
4463 3.60638
4464 3.6099
4465 3.61341
4466 3.61691
4467 3.62041
4468 3.6239
4469 3.62739
4470 3.63086
4471 3.63433
4472 3.63779
4473 3.64125
4474 3.6447
4475 3.64814
4476 3.65157
4477 3.655
4478 3.65842
4479 3.66183
4480 3.66524
4481 3.66864
4482 3.67203
4483 3.67542
4484 3.67879
4485 3.68217
4486 3.68553
4487 3.68889
4488 3.69224
4489 3.69558
4490 3.69892
4491 3.70225
4492 3.70557
4493 3.70888
4494 3.71219
4495 3.71549
4496 3.71879
4497 3.72208
4498 3.72536
4499 3.72863
4500 3.7319
4501 3.73516
4502 3.73841
4503 3.74166
4504 3.74489
4505 3.74813
4506 3.75135
4507 3.75457
4508 3.75778
4509 3.76099
4510 3.76419
4511 3.76738
4512 -1.3304
4513 -1.32047
4514 -1.31056
4515 -1.30067
4516 -1.29079
4517 -1.28093
4518 -1.27108
4519 -1.26125
4520 -1.25144
4521 -1.24164
4522 -1.23186
4523 -1.22209
4524 -1.21234
4525 -1.20261
4526 -1.19289
4527 -1.18319
4528 -1.1735
4529 -1.16383
4530 -1.15417
4531 -1.14453
4532 -1.13491
4533 -1.1253
4534 -1.1157
4535 -1.10612
4536 -1.09656
4537 -1.08701
4538 -1.07748
4539 -1.06796
4540 -1.05846
4541 -1.04897
4542 -1.0395
4543 -1.03004
4544 -1.0206
4545 -1.01117
4546 -1.00176
4547 -0.992358
4548 -0.982975
4549 -0.973608
4550 -0.964254
4551 -0.954916
4552 -0.945592
4553 1.25764
4554 1.25662
4555 1.2556
4556 1.25458
4557 -3.28122
4558 -3.27691
4559 -3.27261
4560 -3.26833
4561 -3.26405
4562 -3.25977
4563 -3.25551
4564 -3.25126
4565 -3.24701
4566 -3.24277
4567 -3.23854
4568 -3.23432
4569 -3.23011
4570 -3.2259
4571 -3.22171
4572 -3.21752
4573 -3.21334
4574 -3.20917
4575 -3.205
4576 -3.20085
4577 -3.1967
4578 -3.19256
4579 -3.18843
4580 -3.1843
4581 -3.18019
4582 -3.17608
4583 -3.17198
4584 -3.16789
4585 -3.1638
4586 -3.15973
4587 -3.15566
4588 -3.1516
4589 -3.14754
4590 -3.1435
4591 -3.13946
4592 -3.13543
4593 -3.13141
4594 -3.1274
4595 -3.12339
4596 -3.11939
4597 -3.1154
4598 -3.11142
4599 -3.10744
4600 -3.10348
4601 -3.09952
4602 -3.09556
4603 -3.09162
4604 -3.08768
4605 -3.08375
4606 -3.07983
4607 -3.07591
4608 -3.07201
4609 -3.06811
4610 -3.06421
4611 -3.06033
4612 -3.05645
4613 -3.05258
4614 -3.04872
4615 -3.04486
4616 -3.04101
4617 -3.03717
4618 -3.03334
4619 -3.02951
4620 -3.02569
4621 -3.02188
4622 -3.01807
4623 -3.01428
4624 -3.01049
4625 -3.0067
4626 -3.00293
4627 -2.99916
4628 -2.99539
4629 -2.99164
4630 -2.98789
4631 -2.98415
4632 -2.98042
4633 -2.97669
4634 -2.97297
4635 -2.96926
4636 -2.96555
4637 -2.96185
4638 -2.95816
4639 -2.95447
4640 -2.9508
4641 -2.94712
4642 -2.94346
4643 -2.9398
4644 -2.93615
4645 -2.93251
4646 -2.92887
4647 -2.92524
4648 -2.92161
4649 -2.918
4650 -2.91439
4651 -2.91078
4652 -2.90719
4653 -2.90359
4654 -2.90001
4655 -2.89643
4656 -2.89286
4657 -2.8893
4658 -2.88574
4659 -2.88219
4660 -2.87865
4661 -2.87511
4662 -2.87158
4663 -2.86805
4664 -2.86453
4665 -2.86102
4666 -2.85752
4667 -2.85402
4668 -2.85053
4669 -2.84704
4670 -2.84356
4671 -2.84009
4672 -2.83662
4673 -2.83316
4674 -2.82971
4675 -2.82626
4676 -2.82282
4677 -2.81938
4678 -2.81595
4679 -2.81253
4680 -2.80911
4681 -2.8057
4682 -2.8023
4683 -2.7989
4684 -2.79551
4685 -2.79212
4686 -2.78874
4687 -2.78537
4688 -2.782
4689 -2.77864
4690 -2.77529
4691 -2.77194
4692 -2.76859
4693 -2.76526
4694 -2.76193
4695 -2.7586
4696 -2.75528
4697 -2.75197
4698 -2.74866
4699 -2.74536
4700 -2.74207
4701 -2.73878
4702 -2.7355
4703 -2.73222
4704 -2.72895
4705 -2.72568
4706 -2.72242
4707 -2.71917
4708 -2.71592
4709 -2.71268
4710 -2.70944
4711 -2.70621
4712 -2.70299
4713 -2.69977
4714 -2.69655
4715 -2.69335
4716 -2.69015
4717 -2.68695
4718 -2.68376
4719 -2.68057
4720 -2.6774
4721 -2.67422
4722 -2.67105
4723 -2.66789
4724 -2.66474
4725 -2.66159
4726 -2.65844
4727 -2.6553
4728 -2.65217
4729 -2.64904
4730 -2.64591
4731 -2.6428
4732 -2.63968
4733 -2.63658
4734 -2.63348
4735 -2.63038
4736 -2.62729
4737 -2.62421
4738 -2.62113
4739 -2.61805
4740 -2.61499
4741 -2.61192
4742 -2.60886
4743 -2.60581
4744 -2.60277
4745 -2.59972
4746 -2.59669
4747 -2.59366
4748 -2.59063
4749 -2.58761
4750 -2.5846
4751 -2.58159
4752 -2.57858
4753 -2.57558
4754 -2.57259
4755 -2.5696
4756 -2.56662
4757 -2.56364
4758 -2.56066
4759 -2.5577
4760 -2.55473
4761 -2.55177
4762 -2.54882
4763 -2.54587
4764 -2.54293
4765 -2.53999
4766 -2.53706
4767 -2.53414
4768 -2.53121
4769 -2.5283
4770 -2.52538
4771 -2.52248
4772 -2.51957
4773 -2.51668
4774 -2.51379
4775 -2.5109
4776 -2.50802
4777 -2.50514
4778 -2.50227
4779 -2.4994
4780 -2.49654
4781 -2.49368
4782 -2.49083
4783 -2.48798
4784 -2.48514
4785 -2.4823
4786 -2.47947
4787 -2.47664
4788 -2.47382
4789 -2.471
4790 -2.46818
4791 -2.46538
4792 -2.46257
4793 -2.45977
4794 -2.45698
4795 -2.45419
4796 -2.4514
4797 -2.44862
4798 -2.44585
4799 -2.44308
4800 -2.44031
4801 -2.43755
4802 -2.43479
4803 -2.43204
4804 -2.42929
4805 -2.42655
4806 -2.42381
4807 -2.42108
4808 -2.41835
4809 -2.41563
4810 -2.41291
4811 -2.41019
4812 -2.40748
4813 -2.40478
4814 -2.40207
4815 -2.39938
4816 -2.39669
4817 -2.394
4818 -2.39131
4819 -2.38864
4820 -2.38596
4821 -2.38329
4822 -2.38063
4823 -2.37797
4824 -2.37531
4825 -2.37266
4826 -2.37001
4827 -2.36737
4828 -2.36473
4829 -2.3621
4830 -2.35947
4831 -2.35684
4832 -2.35422
4833 -2.3516
4834 -2.34899
4835 -2.34638
4836 -2.34378
4837 -2.34118
4838 -2.33859
4839 -2.336
4840 -2.33341
4841 -2.33083
4842 -2.32825
4843 -2.32568
4844 -2.32311
4845 -2.32054
4846 -2.31798
4847 -2.31543
4848 -2.31287
4849 -2.31033
4850 -2.30778
4851 -2.30524
4852 0
4853 0
4854 0
4855 0
4856 0
4857 0
4858 0
4859 0
4860 0
4861 0
4862 0
4863 0
4864 0
4865 0
4866 0
4867 0
4868 0
4869 0
4870 0
4871 0
4872 0
4873 0
4874 0
4875 0
4876 0
4877 0
4878 0
4879 0
4880 0
4881 0
4882 0
4883 0
4884 0
4885 0
4886 0
4887 0
4888 0
4889 0
4890 0
4891 0
4892 0
4893 0
4894 0
4895 0
4896 0
4897 0
4898 0
4899 0
4900 0
4901 0
4902 0
4903 0
4904 0
4905 0
4906 0
4907 0
4908 0
4909 0
4910 0
4911 0
4912 0
4913 0
4914 0
4915 0
4916 0
4917 0
4918 0
4919 0
4920 0
4921 0
4922 0
4923 0
4924 0
4925 0
4926 0
4927 0
4928 0
4929 0
4930 0
4931 0
4932 0
4933 0
4934 0
4935 0
4936 0
4937 0
4938 0
4939 0
4940 0
4941 0
4942 0
4943 0
4944 0
4945 0
4946 0
4947 0
4948 0
4949 0
4950 0
4951 0
4952 0
4953 0
4954 0
4955 0
4956 0
4957 0
4958 0
4959 0
4960 0
4961 0
4962 0
4963 0
4964 0
4965 0
4966 0
4967 0
4968 0
4969 0
4970 0
4971 0
4972 0
4973 0
4974 0
4975 0
4976 0
4977 0
4978 0
4979 0
4980 0
4981 0
4982 0
4983 0
4984 0
4985 0
4986 0
4987 0
4988 0
4989 0
4990 0
4991 0
4992 0
4993 0
4994 0
4995 0
4996 0
4997 0
4998 0
4999 0
5000 0
5001 0
5002 0
5003 0
5004 0
5005 0
5006 0
5007 0
5008 0
5009 0
5010 0
5011 0
5012 0
5013 0
5014 0
5015 0
5016 0
5017 0
5018 0
5019 0
5020 0
5021 0
5022 0
5023 0
5024 0
5025 0
5026 0
5027 0
5028 0
5029 0
5030 0
5031 0
5032 0
5033 0
5034 0
5035 0
5036 0
5037 0
5038 0
5039 0
5040 0
5041 0
5042 0
5043 0
5044 0
5045 0
5046 0
5047 0
5048 0
5049 0
5050 0
5051 0
5052 0
5053 0
5054 0
5055 0
5056 0
5057 0
5058 0
5059 0
5060 0
5061 0
5062 0
5063 0
5064 0
5065 0
5066 0
5067 0
5068 0
5069 0
5070 0
5071 0
5072 0
5073 0
5074 0
5075 0
5076 0
5077 0
5078 0
5079 0
5080 0
5081 0
5082 0
5083 0
5084 0
5085 0
5086 0
5087 0
5088 0
5089 0
5090 0
5091 0
5092 0
5093 0
5094 0
5095 0
5096 0
5097 0
5098 0
5099 0
5100 0
5101 0
5102 0
5103 0
5104 0
5105 0
5106 0
5107 0
5108 0
5109 0
5110 0
5111 0
5112 0
5113 0
5114 0
5115 0
5116 0
5117 0
5118 0
5119 0
5120 0
5121 0
5122 0
5123 0
5124 0
5125 0
5126 0
5127 0
5128 0
5129 0
5130 0
5131 0
5132 0
5133 0
5134 0
5135 0
5136 0
5137 0
5138 0
5139 0
5140 0
5141 0
5142 0
5143 0
5144 0
5145 0
5146 0
5147 0
5148 0
5149 0
5150 0
5151 0
5152 0
5153 0
5154 0
5155 0
5156 0
5157 0
5158 0
5159 0
5160 0
5161 0
5162 0
5163 0
5164 0
5165 0
5166 0
5167 0
5168 0
5169 0
5170 0
5171 0
5172 0
5173 0
5174 0
5175 0
5176 0
5177 0
5178 0
5179 0
5180 0
5181 0
5182 0
5183 0
5184 0
5185 0
5186 0
5187 0
5188 0
5189 0
5190 0
5191 0
5192 0
5193 0
5194 0
5195 0
5196 0
5197 0
5198 0
5199 0
5200 0
5201 0
5202 0
5203 0
5204 0
5205 0
5206 0
5207 0
5208 0
5209 0
5210 0
5211 0
5212 0
5213 0
5214 0
5215 0
5216 0
5217 0
5218 0
5219 0
5220 0
5221 0
5222 0
5223 0
5224 0
5225 0
5226 0
5227 0
5228 0
5229 0
5230 0
5231 0
5232 0
5233 0
5234 0
5235 0
5236 0
5237 0
5238 0
5239 0
5240 0
5241 0
5242 0
5243 0
5244 0
5245 0
5246 0
5247 0
5248 0
5249 0
5250 0
5251 0
5252 0
5253 0
5254 0
5255 0
5256 0
5257 0
5258 0
5259 0
5260 0
5261 0
5262 0
5263 0
5264 0
5265 0
5266 0
5267 0
5268 0
5269 0
5270 0
5271 0
5272 0
5273 0
5274 0
5275 0
5276 0
5277 0
5278 0
5279 0
5280 0
5281 0
5282 0
5283 0
5284 0
5285 0
5286 0
5287 0
5288 0
5289 0
5290 0
5291 0
5292 0
5293 0
5294 0
5295 0
5296 0
5297 0
5298 0
5299 0
5300 0
5301 0
5302 0
5303 0
5304 0
5305 0
5306 0
5307 0
5308 0
5309 0
5310 0
5311 0
5312 0
5313 0
5314 0
5315 0
5316 0
5317 0
5318 0
5319 0
5320 0
5321 0
5322 0
5323 0
5324 0
5325 0
5326 0
5327 0
5328 0
5329 0
5330 0
5331 0
5332 0
5333 0
5334 0
5335 0
5336 0
5337 0
5338 0
5339 0
5340 0
5341 0
5342 0
5343 0
5344 0
5345 0
5346 0
5347 0
5348 0
5349 0
5350 0
5351 0
5352 0
5353 0
5354 0
5355 0
5356 0
5357 0
5358 0
5359 0
5360 0
5361 0
5362 0
5363 0
5364 0
5365 0
5366 0
5367 0
5368 0
5369 0
5370 0
5371 0
5372 0
5373 0
5374 0
5375 0
5376 0
5377 0
5378 0
5379 0
5380 0
5381 0
5382 0
5383 0
5384 0
5385 0
5386 0
5387 0
5388 0
5389 0
5390 0
5391 0
5392 0
5393 0
5394 0
5395 0
5396 0
5397 0
5398 0
5399 0
5400 0
5401 0
5402 0
5403 0
5404 0
5405 0
5406 0
5407 0
5408 0
5409 0
5410 0
5411 0
5412 0
5413 0
5414 0
5415 0
5416 0
5417 0
5418 0
5419 0
5420 0
5421 0
5422 0
5423 0
5424 0
5425 0
5426 0
5427 0
5428 0
5429 0
5430 0
5431 0
5432 0
5433 0
5434 0
5435 0
5436 0
5437 0
5438 0
5439 0
5440 0
5441 0
5442 0
5443 0
5444 0
5445 0
5446 0
5447 0
5448 0
5449 0
5450 0
5451 0
5452 0
5453 0
5454 0
5455 0
5456 0
5457 0
5458 0
5459 0
5460 0
5461 0
5462 0
5463 0
5464 0
5465 0
5466 0
5467 0
5468 0
5469 0
5470 0
5471 0
5472 0
5473 0
5474 0
5475 0
5476 0
5477 0
5478 0
5479 0
5480 0
5481 0
5482 0
5483 0
5484 0
5485 0
5486 0
5487 0
5488 0
5489 0
5490 0
5491 0
5492 0
5493 0
5494 0
5495 0
5496 0
5497 0
5498 0
5499 0
5500 0
5501 0
5502 0
5503 0
5504 0
5505 0
5506 0
5507 0
5508 0
5509 0
5510 0
5511 0
5512 0
5513 0
5514 0
5515 0
5516 0
5517 0
5518 0
5519 0
5520 0
5521 0
5522 0
5523 0
5524 0
5525 0
5526 0
5527 0
5528 0
5529 0
5530 0
5531 0
5532 0
5533 0
5534 0
5535 0
5536 0
5537 0
5538 0
5539 0
5540 0
5541 0
5542 0
5543 0
5544 0
5545 0
5546 0
5547 0
5548 0
5549 0
5550 0
5551 0
5552 0
5553 0
5554 0
5555 0
5556 0
5557 0
5558 0
5559 0
5560 0
5561 0
5562 0
5563 0
5564 0
5565 0
5566 0
5567 0
5568 0
5569 0
5570 0
5571 0
5572 0
5573 0
5574 0
5575 0
5576 0
5577 0
5578 0
5579 0
5580 0
5581 0
5582 0
5583 0
5584 0
5585 0
5586 0
5587 0
5588 0
5589 0
5590 0
5591 0
5592 0
5593 0
5594 0
5595 0
5596 0
5597 0
5598 0
5599 0
5600 0
5601 0
5602 0
5603 0
5604 0
5605 0
5606 0
5607 0
5608 0
5609 0
5610 0
5611 0
5612 0
5613 0
5614 0
5615 0
5616 0
5617 0
5618 0
5619 0
5620 0
5621 0
5622 0
5623 0
5624 0
5625 0
5626 0
5627 0
5628 0
5629 0
5630 0
5631 0
5632 0
5633 0
5634 0
5635 0
5636 0
5637 0
5638 0
5639 0
5640 0
5641 0
5642 0
5643 0
5644 0
5645 0
5646 0
5647 0
5648 0
5649 0
5650 0
5651 0
5652 0
5653 0
5654 0
5655 0
5656 0
5657 0
5658 0
5659 0
5660 0
5661 0
5662 0
5663 0
5664 0
5665 0
5666 0
5667 0
5668 0
5669 0
5670 0
5671 0
5672 0
5673 0
5674 0
5675 0
5676 0
5677 0
5678 0
5679 0
5680 0
5681 0
5682 0
5683 0
5684 0
5685 0
5686 0
5687 0
5688 0
5689 0
5690 0
5691 0
5692 0
5693 0
5694 0
5695 0
5696 0
5697 0
5698 0
5699 0
5700 0
5701 0
5702 0
5703 0
5704 0
5705 0
5706 0
5707 0
5708 0
5709 0
5710 0
5711 0
5712 0
5713 0
5714 0
5715 0
5716 0
5717 0
5718 0
5719 0
5720 0
5721 0
5722 0
5723 0
5724 0
5725 0
5726 0
5727 0
5728 0
5729 0
5730 0
5731 0
5732 0
5733 0
5734 0
5735 0
5736 0
5737 0
5738 0
5739 0
5740 0
5741 0
5742 0
5743 0
5744 0
5745 0
5746 0
5747 0
5748 0
5749 0
5750 0
5751 0
5752 0
5753 0
5754 0
5755 0
5756 0
5757 0
5758 0
5759 0
5760 0
5761 0
5762 0
5763 0
5764 0
5765 0
5766 0
5767 0
5768 0
5769 0
5770 0
5771 0
5772 0
5773 0
5774 0
5775 0
5776 0
5777 0
5778 0
5779 0
5780 0
5781 0
5782 0
5783 0
5784 0
5785 0
5786 0
5787 0
5788 0
5789 0
5790 0
5791 0
5792 0
5793 0
5794 0
5795 0
5796 0
5797 0
5798 0
5799 0
5800 0
5801 0
5802 0
5803 0
5804 0
5805 0
5806 0
5807 0
5808 0
5809 0
5810 0
5811 0
5812 0
5813 0
5814 0
5815 0
5816 0
5817 0
5818 0
5819 0
5820 0
5821 0
5822 0
5823 0
5824 0
5825 0
5826 0
5827 0
5828 0
5829 0
5830 0
5831 0
5832 0
5833 0
5834 0
5835 0
5836 0
5837 0
5838 0
5839 0
5840 0
5841 0
5842 0
5843 0
5844 0
5845 0
5846 0
5847 0
5848 0
5849 0
5850 0
5851 0
5852 0
5853 0
5854 0
5855 0
5856 0
5857 0
5858 0
5859 0
5860 0
5861 0
5862 0
5863 0
5864 0
5865 0
5866 0
5867 0
5868 0
5869 0
5870 0
5871 0
5872 0
5873 0
5874 0
5875 0
5876 0
5877 0
5878 0
5879 0
5880 0
5881 0
5882 0
5883 0
5884 0
5885 0
5886 0
5887 0
5888 0
5889 0
5890 0
5891 0
5892 0
5893 0
5894 0
5895 0
5896 0
5897 0
5898 0
5899 0
5900 0
5901 0
5902 0
5903 0
5904 0
5905 0
5906 0
5907 0
5908 0
5909 0
5910 0
5911 0
5912 0
5913 0
5914 0
5915 0
5916 0
5917 0
5918 0
5919 0
5920 0
5921 0
5922 0
5923 0
5924 0
5925 0
5926 0
5927 0
5928 0
5929 0
5930 0
5931 0
5932 0
5933 0
5934 0
5935 0
5936 0
5937 0
5938 0
5939 0
5940 0
5941 0
5942 0
5943 0
5944 0
5945 0
5946 0
5947 0
5948 0
5949 0
5950 0
5951 0
5952 0
5953 0
5954 0
5955 0
5956 0
5957 0
5958 0
5959 0
5960 0
5961 0
5962 0
5963 0
5964 0
5965 0
5966 0
5967 0
5968 0
5969 0
5970 0
5971 0
5972 0
5973 0
5974 0
5975 0
5976 0
5977 0
5978 0
5979 0
5980 0
5981 0
5982 0
5983 0
5984 0
5985 0
5986 0
5987 0
5988 0
5989 0
5990 0
5991 0
5992 0
5993 0
5994 0
5995 0
5996 0
5997 0
5998 0
5999 0
6000 0
6001 0
6002 0
6003 0
6004 0
6005 0
6006 0
6007 0
6008 0
6009 0
6010 0
6011 0
6012 0
6013 0
6014 0
6015 0
6016 0
6017 0
6018 0
6019 0
6020 0
6021 0
6022 0
6023 0
6024 0
6025 0
6026 0
6027 0
6028 0
6029 0
6030 0
6031 0
6032 0
6033 0
6034 0
6035 0
6036 0
6037 0
6038 0
6039 0
6040 0
6041 0
6042 0
6043 0
6044 0
6045 0
6046 0
6047 0
6048 0
6049 0
6050 0
6051 0
6052 0
6053 0
6054 0
6055 0
6056 0
6057 0
6058 0
6059 0
6060 0
6061 0
6062 0
6063 0
6064 0
6065 0
6066 0
6067 0
6068 0
6069 0
6070 0
6071 0
6072 0
6073 0
6074 0
6075 0
6076 0
6077 0
6078 0
6079 0
6080 0
6081 0
6082 0
6083 0
6084 0
6085 0
6086 0
6087 0
6088 0
6089 0
6090 0
6091 0
6092 0
6093 0
6094 0
6095 0
6096 0
6097 0
6098 0
6099 0
6100 0
6101 0
6102 0
6103 0
6104 0
6105 0
6106 0
6107 0
6108 0
6109 0
6110 0
6111 0
6112 0
6113 0
6114 0
6115 0
6116 0
6117 0
6118 0
6119 0
6120 0
6121 0
6122 0
6123 0
6124 0
6125 0
6126 0
6127 0
6128 0
6129 0
6130 0
6131 0
6132 0
6133 0
6134 0
6135 0
6136 0
6137 0
6138 0
6139 0
6140 0
6141 0
6142 0
6143 0
6144 0
6145 0
6146 0
6147 0
6148 0
6149 0
6150 0
6151 0
6152 0
6153 0
6154 0
6155 0
6156 0
6157 0
6158 0
6159 0
6160 0
6161 0
6162 0
6163 0
6164 0
6165 0
6166 0
6167 0
6168 0
6169 0
6170 0
6171 0
6172 0
6173 0
6174 0
6175 0
6176 0
6177 0
6178 0
6179 0
6180 0
6181 0
6182 0
6183 0
6184 0
6185 0
6186 0
6187 0
6188 0
6189 0
6190 0
6191 0
6192 0
6193 0
6194 0
6195 0
6196 0
6197 0
6198 0
6199 0
6200 0
6201 0
6202 0
6203 0
6204 0
6205 0
6206 0
6207 0
6208 0
6209 0
6210 0
6211 0
6212 0
6213 0
6214 0
6215 0
6216 0
6217 0
6218 0
6219 0
6220 0
6221 0
6222 0
6223 0
6224 0
6225 0
6226 0
6227 0
6228 0
6229 0
6230 0
6231 0
6232 0
6233 0
6234 0
6235 0
6236 0
6237 0
6238 0
6239 0
6240 0
6241 0
6242 0
6243 0
6244 0
6245 0
6246 0
6247 0
6248 0
6249 0
6250 0
6251 0
6252 0
6253 0
6254 0
6255 0
6256 0
6257 0
6258 0
6259 0
6260 0
6261 0
6262 0
6263 0
6264 0
6265 0
6266 0
6267 0
6268 0
6269 0
6270 0
6271 0
6272 0
6273 0
6274 0
6275 0
6276 0
6277 0
6278 0
6279 0
6280 0
6281 0
6282 0
6283 0
6284 0
6285 0
6286 0
6287 0
6288 0
6289 0
6290 0
6291 0
6292 0
6293 0
6294 0
6295 0
6296 0
6297 0
6298 0
6299 0
6300 0
6301 0
6302 0
6303 0
6304 0
6305 0
6306 0
6307 0
6308 0
6309 0
6310 0
6311 0
6312 0
6313 0
6314 0
6315 0
6316 0
6317 0
6318 0
6319 0
6320 0
6321 0
6322 0
6323 0
6324 0
6325 0
6326 0
6327 0
6328 0
6329 0
6330 0
6331 0
6332 0
6333 0
6334 0
6335 0
6336 0
6337 0
6338 0
6339 0
6340 0
6341 0
6342 0
6343 0
6344 0
6345 0
6346 0
6347 0
6348 0
6349 0
6350 0
6351 0
6352 0
6353 0
6354 0
6355 0
6356 0
6357 0
6358 0
6359 0
6360 0
6361 0
6362 0
6363 0
6364 0
6365 0
6366 0
6367 0
6368 0
6369 0
6370 0
6371 0
6372 0
6373 0
6374 0
6375 0
6376 0
6377 0
6378 0
6379 0
6380 0
6381 0
6382 0
6383 0
6384 0
6385 0
6386 0
6387 0
6388 0
6389 0
6390 0
6391 0
6392 0
6393 0
6394 0
6395 0
6396 0
6397 0
6398 0
6399 0
6400 0
6401 0
6402 0
6403 0
6404 0
6405 0
6406 0
6407 0
6408 0
6409 0
6410 0
6411 0
6412 0
6413 0
6414 0
6415 0
6416 0
6417 0
6418 0
6419 0
6420 0
6421 0
6422 0
6423 0
6424 0
6425 0
6426 0
6427 0
6428 0
6429 0
6430 0
6431 0
6432 0
6433 0
6434 0
6435 0
6436 0
6437 0
6438 0
6439 0
6440 0
6441 0
6442 0
6443 0
6444 0
6445 0
6446 0
6447 0
6448 0
6449 0
6450 0
6451 0
6452 0
6453 0
6454 0
6455 0
6456 0
6457 0
6458 0
6459 0
6460 0
6461 0
6462 0
6463 0
6464 0
6465 0
6466 0
6467 0
6468 0
6469 0
6470 0
6471 0
6472 0
6473 0
6474 0
6475 0
6476 0
6477 0
6478 0
6479 0
6480 0
6481 0
6482 0
6483 0
6484 0
6485 0
6486 0
6487 0
6488 0
6489 0
6490 0
6491 0
6492 0
6493 0
6494 0
6495 0
6496 0
6497 0
6498 0
6499 0
6500 0
6501 0
6502 0
6503 0
6504 0
6505 0
6506 0
6507 0
6508 0
6509 0
6510 0
6511 0
6512 0
6513 0
6514 0
6515 0
6516 0
6517 0
6518 0
6519 0
6520 0
6521 0
6522 0
6523 0
6524 0
6525 0
6526 0
6527 0
6528 0
6529 0
6530 0
6531 0
6532 0
6533 0
6534 0
6535 0
6536 0
6537 0
6538 0
6539 0
6540 0
6541 0
6542 0
6543 0
6544 0
6545 0
6546 0
6547 0
6548 0
6549 0
6550 0
6551 0
6552 0
6553 0
6554 0
6555 0
6556 0
6557 0
6558 0
6559 0
6560 0
6561 0
6562 0
6563 0
6564 0
6565 0
6566 0
6567 0
6568 0
6569 0
6570 0
6571 0
6572 0
6573 0
6574 0
6575 0
6576 0
6577 0
6578 0
6579 0
6580 0
6581 0
6582 0
6583 0
6584 0
6585 0
6586 0
6587 0
6588 0
6589 0
6590 0
6591 0
6592 0
6593 0
6594 0
6595 0
6596 0
6597 0
6598 0
6599 0
6600 0
6601 0
6602 0
6603 0
6604 0
6605 0
6606 0
6607 0
6608 0
6609 0
6610 0
6611 0
6612 0
6613 0
6614 0
6615 0
6616 0
6617 0
6618 0
6619 0
6620 0
6621 0
6622 0
6623 0
6624 0
6625 0
6626 0
6627 0
6628 0
6629 0
6630 0
6631 0
6632 0
6633 0
6634 0
6635 0
6636 0
6637 0
6638 0
6639 0
6640 0
6641 0
6642 0
6643 0
6644 0
6645 0
6646 0
6647 0
6648 0
6649 0
6650 0
6651 0
6652 0
6653 0
6654 0
6655 0
6656 0
6657 0
6658 0
6659 0
6660 0
6661 0
6662 0
6663 0
6664 0
6665 0
6666 0
6667 0
6668 0
6669 0
6670 0
6671 0
6672 0
6673 0
6674 0
6675 0
6676 0
6677 0
6678 0
6679 0
6680 0
6681 0
6682 0
6683 0
6684 0
6685 0
6686 0
6687 0
6688 0
6689 0
6690 0
6691 0
6692 0
6693 0
6694 0
6695 0
6696 0
6697 0
6698 0
6699 0
6700 0
6701 0
6702 0
6703 0
6704 0
6705 0
6706 0
6707 0
6708 0
6709 0
6710 0
6711 0
6712 0
6713 0
6714 0
6715 0
6716 0
6717 0
6718 0
6719 0
6720 0
6721 0
6722 0
6723 0
6724 0
6725 0
6726 0
6727 0
6728 0
6729 0
6730 0
6731 0
6732 0
6733 0
6734 0
6735 0
6736 0
6737 0
6738 0
6739 0
6740 0
6741 0
6742 0
6743 0
6744 0
6745 0
6746 0
6747 0
6748 0
6749 0
6750 0
6751 0
6752 0
6753 0
6754 0
6755 0
6756 0
6757 0
6758 0
6759 0
6760 0
6761 0
6762 0
6763 0
6764 0
6765 0
6766 0
6767 0
6768 0
6769 0
6770 0
6771 0
6772 0
6773 0
6774 0
6775 0
6776 0
6777 0
6778 0
6779 0
6780 0
6781 0
6782 0
6783 0
6784 0
6785 0
6786 0
6787 0
6788 0
6789 0
6790 0
6791 0
6792 0
6793 0
6794 0
6795 0
6796 0
6797 0
6798 0
6799 0
6800 0
6801 0
6802 0
6803 0
6804 0
6805 0
6806 0
6807 0
6808 0
6809 0
6810 0
6811 0
6812 0
6813 0
6814 0
6815 0
6816 0
6817 0
6818 0
6819 0
6820 0
6821 0
6822 0
6823 0
6824 0
6825 0
6826 0
6827 0
6828 0
6829 0
6830 0
6831 0
6832 0
6833 0
6834 0
6835 0
6836 0
6837 0
6838 0
6839 0
6840 0
6841 0
6842 0
6843 0
6844 0
6845 0
6846 0
6847 0
6848 0
6849 0
6850 0
6851 0
6852 0
6853 0
6854 0
6855 0
6856 0
6857 0
6858 0
6859 0
6860 0
6861 0
6862 0
6863 0
6864 0
6865 0
6866 0
6867 0
6868 0
6869 0
6870 0
6871 0
6872 0
6873 0
6874 0
6875 0
6876 0
6877 0
6878 0
6879 0
6880 0
6881 0
6882 0
6883 0
6884 0
6885 0
6886 0
6887 0
6888 0
6889 0
6890 0
6891 0
6892 0
6893 0
6894 0
6895 0
6896 0
6897 0
6898 0
6899 0
6900 0
6901 0
6902 0
6903 0
6904 0
6905 0
6906 0
6907 0
6908 0
6909 0
6910 0
6911 0
6912 0
6913 0
6914 0
6915 0
6916 0
6917 0
6918 0
6919 0
6920 0
6921 0
6922 0
6923 0
6924 0
6925 0
6926 0
6927 0
6928 0
6929 0
6930 0
6931 0
6932 0
6933 0
6934 0
6935 0
6936 0
6937 0
6938 0
6939 0
6940 0
6941 0
6942 0
6943 0
6944 0
6945 0
6946 0
6947 0
6948 0
6949 0
6950 0
6951 0
6952 0
6953 0
6954 0
6955 0
6956 0
6957 0
6958 0
6959 0
6960 0
6961 0
6962 0
6963 0
6964 0
6965 0
6966 0
6967 0
6968 0
6969 0
6970 0
6971 0
6972 0
6973 0
6974 0
6975 0
6976 0
6977 0
6978 0
6979 0
6980 0
6981 0
6982 0
6983 0
6984 0
6985 0
6986 0
6987 0
6988 0
6989 0
6990 0
6991 0
6992 0
6993 0
6994 0
6995 0
6996 0
6997 0
6998 0
6999 0
7000 0
7001 0
7002 0
7003 0
7004 0
7005 0
7006 0
7007 0
7008 0
7009 0
7010 0
7011 0
7012 0
7013 0
7014 0
7015 0
7016 0
7017 0
7018 0
7019 0
7020 0
7021 0
7022 0
7023 0
7024 0
7025 0
7026 0
7027 0
7028 0
7029 0
7030 0
7031 0
7032 0
7033 0
7034 0
7035 0
7036 0
7037 0
7038 0
7039 0
7040 0
7041 0
7042 0
7043 0
7044 0
7045 0
7046 0
7047 0
7048 0
7049 0
7050 0
7051 0
7052 0
7053 0
7054 0
7055 0
7056 0
7057 0
7058 0
7059 0
7060 0
7061 0
7062 0
7063 0
7064 0
7065 0
7066 0
7067 0
7068 0
7069 0
7070 0
7071 0
7072 0
7073 0
7074 0
7075 0
7076 0
7077 0
7078 0
7079 0
7080 0
7081 0
7082 0
7083 0
7084 0
7085 0
7086 0
7087 0
7088 0
7089 0
7090 0
7091 0
7092 0
7093 0
7094 0
7095 0
7096 0
7097 0
7098 0
7099 0
7100 0
7101 0
7102 0
7103 0
7104 0
7105 0
7106 0
7107 0
7108 0
7109 0
7110 0
7111 0
7112 0
7113 0
7114 0
7115 0
7116 0
7117 0
7118 0
7119 0
7120 0
7121 0
7122 0
7123 0
7124 0
7125 0
7126 0
7127 0
7128 0
7129 0
7130 0
7131 0
7132 0
7133 0
7134 0
7135 0
7136 0
7137 0
7138 0
7139 0
7140 0
7141 0
7142 0
7143 0
7144 0
7145 0
7146 0
7147 0
7148 0
7149 0
7150 0
7151 0
7152 0
7153 0
7154 0
7155 0
7156 0
7157 0
7158 0
7159 0
7160 0
7161 0
7162 0
7163 0
7164 0
7165 0
7166 0
7167 0
7168 0
7169 0
7170 0
7171 0
7172 0
7173 0
7174 0
7175 0
7176 0
7177 0
7178 0
7179 0
7180 0
7181 0
7182 0
7183 0
7184 0
7185 0
7186 0
7187 0
7188 0
7189 0
7190 0
7191 0
7192 0
7193 0
7194 0
7195 0
7196 0
7197 0
7198 0
7199 0
7200 0
7201 0
7202 0
7203 0
7204 0
7205 0
7206 0
7207 0
7208 0
7209 0
7210 0
7211 0
7212 0
7213 0
7214 0
7215 0
7216 0
7217 0
7218 0
7219 0
7220 0
7221 0
7222 0
7223 0
7224 0
7225 0
7226 0
7227 0
7228 0
7229 0
7230 0
7231 0
7232 0
7233 0
7234 0
7235 0
7236 0
7237 0
7238 0
7239 0
7240 0
7241 0
7242 0
7243 0
7244 0
7245 0
7246 0
7247 0
7248 0
7249 0
7250 0
7251 0
7252 0
7253 0
7254 0
7255 0
7256 0
7257 0
7258 0
7259 0
7260 0
7261 0
7262 0
7263 0
7264 0
7265 0
7266 0
7267 0
7268 0
7269 0
7270 0
7271 0
7272 0
7273 0
7274 0
7275 0
7276 0
7277 0
7278 0
7279 0
7280 0
7281 0
7282 0
7283 0
7284 0
7285 0
7286 0
7287 0
7288 0
7289 0
7290 0
7291 0
7292 0
7293 0
7294 0
7295 0
7296 0
7297 0
7298 0
7299 0
7300 0
7301 0
7302 0
7303 0
7304 0
7305 0
7306 0
7307 0
7308 0
7309 0
7310 0
7311 0
7312 0
7313 0
7314 0
7315 0
7316 0
7317 0
7318 0
7319 0
7320 0
7321 0
7322 0
7323 0
7324 0
7325 0
7326 0
7327 0
7328 0
7329 0
7330 0
7331 0
7332 0
7333 0
7334 0
7335 0
7336 0
7337 0
7338 0
7339 0
7340 0
7341 0
7342 0
7343 0
7344 0
7345 0
7346 0
7347 0
7348 0
7349 0
7350 0
7351 0
7352 0
7353 0
7354 0
7355 0
7356 0
7357 0
7358 0
7359 0
7360 0
7361 0
7362 0
7363 0
7364 0
7365 0
7366 0
7367 0
7368 0
7369 0
7370 0
7371 0
7372 0
7373 0
7374 0
7375 0
7376 0
7377 0
7378 0
7379 0
7380 0
7381 0
7382 0
7383 0
7384 0
7385 0
7386 0
7387 0
7388 0
7389 0
7390 0
7391 0
7392 0
7393 0
7394 0
7395 0
7396 0
7397 0
7398 0
7399 0
7400 0
7401 0
7402 0
7403 0
7404 0
7405 0
7406 0
7407 0
7408 0
7409 0
7410 0
7411 0
7412 0
7413 0
7414 0
7415 0
7416 0
7417 0
7418 0
7419 0
7420 0
7421 0
7422 0
7423 0
7424 0
7425 0
7426 0
7427 0
7428 0
7429 0
7430 0
7431 0
7432 0
7433 0
7434 0
7435 0
7436 0
7437 0
7438 0
7439 0
7440 0
7441 0
7442 0
7443 0
7444 0
7445 0
7446 0
7447 0
7448 0
7449 0
7450 0
7451 0
7452 0
7453 0
7454 0
7455 0
7456 0
7457 0
7458 0
7459 0
7460 0
7461 0
7462 0
7463 0
7464 0
7465 0
7466 0
7467 0
7468 0
7469 0
7470 0
7471 0
7472 0
7473 0
7474 0
7475 0
7476 0
7477 0
7478 0
7479 0
7480 0
7481 0
7482 0
7483 0
7484 0
7485 0
7486 0
7487 0
7488 0
7489 0
7490 0
7491 0
7492 0
7493 0
7494 0
7495 0
7496 0
7497 0
7498 0
7499 0
7500 0
7501 0
7502 0
7503 0
7504 0
7505 0
7506 0
7507 0
7508 0
7509 0
7510 0
7511 0
7512 0
7513 0
7514 0
7515 0
7516 0
7517 0
7518 0
7519 0
7520 0
7521 0
7522 0
7523 0
7524 0
7525 0
7526 0
7527 0
7528 0
7529 0
7530 0
7531 0
7532 0
7533 0
7534 0
7535 0
7536 0
7537 0
7538 0
7539 0
7540 0
7541 0
7542 0
7543 0
7544 0
7545 0
7546 0
7547 0
7548 0
7549 0
7550 0
7551 0
7552 0
7553 0
7554 0
7555 0
7556 0
7557 0
7558 0
7559 0
7560 0
7561 0
7562 0
7563 0
7564 0
7565 0
7566 0
7567 0
7568 0
7569 0
7570 0
7571 0
7572 0
7573 0
7574 0
7575 0
7576 0
7577 0
7578 0
7579 0
7580 0
7581 0
7582 0
7583 0
7584 0
7585 0
7586 0
7587 0
7588 0
7589 0
7590 0
7591 0
7592 0
7593 0
7594 0
7595 0
7596 0
7597 0
7598 0
7599 0
7600 0
7601 0
7602 0
7603 0
7604 0
7605 0
7606 0
7607 0
7608 0
7609 0
7610 0
7611 0
7612 0
7613 0
7614 0
7615 0
7616 0
7617 0
7618 0
7619 0
7620 0
7621 0
7622 0
7623 0
7624 0
7625 0
7626 0
7627 0
7628 0
7629 0
7630 0
7631 0
7632 0
7633 0
7634 0
7635 0
7636 0
7637 0
7638 0
7639 0
7640 0
7641 0
7642 0
7643 0
7644 0
7645 0
7646 0
7647 0
7648 0
7649 0
7650 0
7651 0
7652 0
7653 0
7654 0
7655 0
7656 0
7657 0
7658 0
7659 0
7660 0
7661 0
7662 0
7663 0
7664 0
7665 0
7666 0
7667 0
7668 0
7669 0
7670 0
7671 0
7672 0
7673 0
7674 0
7675 0
7676 0
7677 0
7678 0
7679 0
7680 0
7681 0
7682 0
7683 0
7684 0
7685 0
7686 0
7687 0
7688 0
7689 0
7690 0
7691 0
7692 0
7693 0
7694 0
7695 0
7696 0
7697 0
7698 0
7699 0
7700 0
7701 0
7702 0
7703 0
7704 0
7705 0
7706 0
7707 0
7708 0
7709 0
7710 0
7711 0
7712 0
7713 0
7714 0
7715 0
7716 0
7717 0
7718 0
7719 0
7720 0
7721 0
7722 0
7723 0
7724 0
7725 0
7726 0
7727 0
7728 0
7729 0
7730 0
7731 0
7732 0
7733 0
7734 0
7735 0
7736 0
7737 0
7738 0
7739 0
7740 0
7741 0
7742 0
7743 0
7744 0
7745 0
7746 0
7747 0
7748 0
7749 0
7750 0
7751 0
7752 0
7753 0
7754 0
7755 0
7756 0
7757 0
7758 0
7759 0
7760 0
7761 0
7762 0
7763 0
7764 0
7765 0
7766 0
7767 0
7768 0
7769 0
7770 0
7771 0
7772 0
7773 0
7774 0
7775 0
7776 0
7777 0
7778 0
7779 0
7780 0
7781 0
7782 0
7783 0
7784 0
7785 0
7786 0
7787 0
7788 0
7789 0
7790 0
7791 0
7792 0
7793 0
7794 0
7795 0
7796 0
7797 0
7798 0
7799 0
7800 0
7801 0
7802 0
7803 0
7804 0
7805 0
7806 0
7807 0
7808 0
7809 0
7810 0
7811 0
7812 0
7813 0
7814 0
7815 0
7816 0
7817 0
7818 0
7819 0
7820 0
7821 0
7822 0
7823 0
7824 0
7825 0
7826 0
7827 0
7828 0
7829 0
7830 0
7831 0
7832 0
7833 0
7834 0
7835 0
7836 0
7837 0
7838 0
7839 0
7840 0
7841 0
7842 0
7843 0
7844 0
7845 0
7846 0
7847 0
7848 0
7849 0
7850 0
7851 0
7852 0
7853 0
7854 0
7855 0
7856 0
7857 0
7858 0
7859 0
7860 0
7861 0
7862 0
7863 0
7864 0
7865 0
7866 0
7867 0
7868 0
7869 0
7870 0
7871 0
7872 0
7873 0
7874 0
7875 0
7876 0
7877 0
7878 0
7879 0
7880 0
7881 0
7882 0
7883 0
7884 0
7885 0
7886 0
7887 0
7888 0
7889 0
7890 0
7891 0
7892 0
7893 0
7894 0
7895 0
7896 0
7897 0
7898 0
7899 0
7900 0
7901 0
7902 0
7903 0
7904 0
7905 0
7906 0
7907 0
7908 0
7909 0
7910 0
7911 0
7912 0
7913 0
7914 0
7915 0
7916 0
7917 0
7918 0
7919 0
7920 0
7921 0
7922 0
7923 0
7924 0
7925 0
7926 0
7927 0
7928 0
7929 0
7930 0
7931 0
7932 0
7933 0
7934 0
7935 0
7936 0
7937 0
7938 0
7939 0
7940 0
7941 0
7942 0
7943 0
7944 0
7945 0
7946 0
7947 0
7948 0
7949 0
7950 0
7951 0
7952 0
7953 0
7954 0
7955 0
7956 0
7957 0
7958 0
7959 0
7960 0
7961 0
7962 0
7963 0
7964 0
7965 0
7966 0
7967 0
7968 0
7969 0
7970 0
7971 0
7972 0
7973 0
7974 0
7975 0
7976 0
7977 0
7978 0
7979 0
7980 0
7981 0
7982 0
7983 0
7984 0
7985 0
7986 0
7987 0
7988 0
7989 0
7990 0
7991 0
7992 0
7993 0
7994 0
7995 0
7996 0
7997 0
7998 0
7999 0
8000 0
