1 -9.80999
2 -9.80998
3 -9.80994
4 -9.80988
5 -9.80979
6 -9.80967
7 -9.80954
8 -9.80937
9 -9.80918
10 -9.80897
11 -9.80873
12 -9.80846
13 -9.80817
14 -9.80786
15 -9.80751
16 -9.80715
17 -9.80676
18 -9.80634
19 -9.8059
20 -9.80543
21 -9.80494
22 -9.80442
23 -9.80388
24 -9.80331
25 -9.80272
26 -9.8021
27 -9.80146
28 -9.80079
29 -9.80009
30 -9.79937
31 -9.79863
32 -9.79786
33 -9.79707
34 -9.79625
35 -9.7954
36 -9.79453
37 -9.79364
38 -9.79272
39 -9.79177
40 -9.7908
41 -9.78981
42 -9.78879
43 -9.78774
44 -9.78667
45 -9.78558
46 -9.78446
47 -9.78331
48 -9.78214
49 -9.78094
50 -9.77972
51 -9.77848
52 -9.77721
53 -9.77591
54 -9.77459
55 -9.77325
56 -9.77188
57 -9.77048
58 -9.76906
59 -9.76762
60 -9.76615
61 -9.76466
62 -9.76314
63 -9.76159
64 -9.76002
65 -9.75843
66 -9.75681
67 -9.75517
68 -9.7535
69 -9.75181
70 -9.75009
71 -9.74835
72 -9.74659
73 -9.7448
74 -9.74298
75 -9.74114
76 -9.73928
77 -9.73739
78 -9.73547
79 -9.73354
80 -9.73157
81 -9.72959
82 -9.72758
83 -9.72554
84 -9.72348
85 -9.72139
86 -9.71929
87 -9.71715
88 -9.71499
89 -9.71281
90 -9.71061
91 -9.70838
92 -9.70612
93 -9.70384
94 -9.70154
95 -9.69921
96 -9.69686
97 -9.69449
98 -9.69209
99 -9.68966
100 -9.68721
101 -9.68474
102 -9.68225
103 -9.67973
104 -9.67718
105 -9.67462
106 -9.67202
107 -9.66941
108 -9.66677
109 -9.66411
110 -9.66142
111 -9.65871
112 -9.65598
113 -9.65322
114 -9.65044
115 -9.64763
116 -9.6448
117 -9.64195
118 -9.63907
119 -9.63617
120 -9.63325
121 -9.6303
122 -9.62733
123 -9.62434
124 -9.62132
125 -9.61828
126 -9.61522
127 -9.61213
128 -9.60902
129 -9.60589
130 -9.60273
131 -9.59955
132 -9.59635
133 -9.59312
134 -9.58988
135 -9.5866
136 -9.58331
137 -9.57999
138 -9.57665
139 -9.57329
140 -9.5699
141 -9.56649
142 -9.56306
143 -9.5596
144 -9.55612
145 -9.55262
146 -9.5491
147 -9.54555
148 -9.54199
149 -9.53839
150 -9.53478
151 -9.53114
152 -9.52749
153 -9.5238
154 -9.5201
155 -9.51637
156 -9.51263
157 -9.50886
158 -9.50506
159 -9.50125
160 -9.49741
161 -9.49355
162 -9.48967
163 -9.48577
164 -9.48184
165 -9.4779
166 -9.47393
167 -9.46993
168 -9.46592
169 -9.46189
170 -9.45783
171 -9.45375
172 -9.44965
173 -9.44553
174 -9.44139
175 -9.43722
176 -9.43303
177 -9.42883
178 -9.4246
179 -9.42035
180 -9.41607
181 -9.41178
182 -9.40747
183 -9.40313
184 -9.39877
185 -9.39439
186 -9.38999
187 -9.38557
188 -9.38113
189 -9.37667
190 -9.37218
191 -9.36768
192 -9.36315
193 -9.35861
194 -9.35404
195 -9.34945
196 -9.34484
197 -9.34021
198 -9.33556
199 -9.33089
200 -9.3262
201 -9.32149
202 -9.31676
203 -9.31201
204 -9.30723
205 -9.30244
206 -9.29763
207 -9.29279
208 -9.28794
209 -9.28307
210 -9.27817
211 -9.27326
212 -9.26832
213 -9.26337
214 -9.2584
215 -9.2534
216 -9.24839
217 -9.24336
218 -9.23831
219 -9.23323
220 -9.22814
221 -9.22303
222 -9.2179
223 -9.21275
224 -9.20758
225 -9.20239
226 -9.19718
227 -9.19195
228 -9.18671
229 -9.18144
230 -9.17615
231 -9.17085
232 -9.16553
233 -9.16018
234 -9.15482
235 -9.14944
236 -9.14404
237 -9.13863
238 -9.13319
239 -9.12773
240 -9.12226
241 -9.11677
242 -9.11126
243 -9.10573
244 -9.10018
245 -9.09461
246 -9.08903
247 -9.08343
248 -9.07781
249 -9.07217
250 -9.06651
251 -9.06084
252 -9.05514
253 -9.04943
254 -9.0437
255 -9.03796
256 -9.03219
257 -9.02641
258 -9.02061
259 -9.01479
260 -9.00896
261 -9.0031
262 -8.99723
263 -8.99134
264 -8.98544
265 -8.97952
266 -8.97358
267 -8.96762
268 -8.96165
269 -8.95565
270 -8.94965
271 -8.94362
272 -8.93758
273 -8.93152
274 -8.92544
275 -8.91935
276 -8.91324
277 -8.90712
278 -8.90097
279 -8.89481
280 -8.88864
281 -8.88244
282 -8.87624
283 -8.87001
284 -8.86377
285 -8.85751
286 -8.85124
287 -8.84495
288 -8.83864
289 -8.83232
290 -8.82598
291 -8.81963
292 -8.81326
293 -8.80687
294 -8.80047
295 -8.79405
296 -8.78762
297 -8.78117
298 -8.77471
299 -8.76823
300 -8.76174
301 -8.75523
302 -8.7487
303 -8.74216
304 -8.73561
305 -8.72904
306 -8.72245
307 -8.71585
308 -8.70923
309 -8.7026
310 -8.69596
311 -8.6893
312 -8.68262
313 -8.67593
314 -8.66923
315 -8.66251
316 -8.65578
317 -8.64903
318 -8.64227
319 -8.63549
320 -8.6287
321 -8.62189
322 -8.61507
323 -8.60824
324 -8.60139
325 -8.59453
326 -8.58766
327 -8.58077
328 -8.57387
329 -8.56695
330 -8.56002
331 -8.55307
332 -8.54612
333 -8.53915
334 -8.53216
335 -8.52516
336 -8.51815
337 -8.51113
338 -8.50409
339 -8.49704
340 -8.48998
341 -8.4829
342 -8.47581
343 -8.46871
344 -8.46159
345 -8.45446
346 -8.44732
347 -8.44016
348 -8.433
349 -8.42582
350 -8.41863
351 -8.41142
352 -8.40421
353 -8.39698
354 -8.38973
355 -8.38248
356 -8.37521
357 -8.36794
358 -8.36065
359 -8.35334
360 -8.34603
361 -8.3387
362 -8.33137
363 -8.32402
364 -8.31666
365 -8.30928
366 -8.3019
367 -8.2945
368 -8.2871
369 -8.27968
370 -8.27225
371 -8.2648
372 -8.25735
373 -8.24989
374 -8.24241
375 -8.23493
376 -8.22743
377 -8.21992
378 -8.2124
379 -8.20487
380 -8.19733
381 -8.18978
382 -8.18222
383 -8.17464
384 -8.16706
385 -8.15947
386 -8.15186
387 -8.14425
388 -8.13662
389 -8.12899
390 -8.12134
391 -8.11369
392 -8.10602
393 -8.09835
394 -8.09066
395 -8.08297
396 -8.07526
397 -8.06755
398 -8.05982
399 -8.05209
400 -8.04434
401 -8.03659
402 -8.02883
403 -8.02106
404 -8.01327
405 -8.00548
406 -7.99768
407 -7.98987
408 -7.98205
409 -7.97423
410 -7.96639
411 -7.95854
412 -7.95069
413 -7.94283
414 -7.93495
415 -7.92707
416 -7.91918
417 -7.91128
418 -7.90338
419 -7.89546
420 -7.88754
421 -7.87961
422 -7.87167
423 -7.86372
424 -7.85576
425 -7.84779
426 -7.83982
427 -7.83184
428 -7.82385
429 -7.81585
430 -7.80785
431 -7.79984
432 -7.79181
433 -7.78379
434 -7.77575
435 -7.76771
436 -7.75966
437 -7.7516
438 -7.74353
439 -7.73546
440 -7.72738
441 -7.71929
442 -7.71119
443 -7.70309
444 -7.69498
445 -7.68687
446 -7.67874
447 -7.67061
448 -7.66248
449 -7.65433
450 -7.64618
451 -7.63802
452 -7.62986
453 -7.62169
454 -7.61351
455 -7.60533
456 -7.59714
457 -7.58894
458 -7.58074
459 -7.57253
460 -7.56432
461 -7.5561
462 -7.54787
463 -12.0803
464 -12.0672
465 -12.0541
466 -12.041
467 -12.028
468 -12.015
469 -12.0021
470 -11.9893
471 -11.9764
472 -11.9637
473 -11.951
474 -11.9383
475 -11.9257
476 -11.9132
477 -11.9007
478 -11.8882
479 -11.8758
480 -11.8635
481 -11.8512
482 -11.8389
483 -11.8267
484 -11.8146
485 -11.8025
486 -11.7904
487 -11.7784
488 -11.7665
489 -11.7546
490 -11.7427
491 -11.7309
492 -11.7191
493 -11.7074
494 -11.6958
495 -11.6841
496 -11.6726
497 -11.661
498 -11.6496
499 -11.6381
500 -11.6267
501 -11.6154
502 -11.6041
503 -11.5929
504 -11.5817
505 -11.5705
506 -11.5594
507 -11.5484
508 -11.5373
509 -11.5264
510 -11.5155
511 -11.5046
512 -11.4937
513 -11.483
514 -11.4722
515 -11.4615
516 -11.4509
517 -11.4402
518 -11.4297
519 -11.4192
520 -11.4087
521 -11.3982
522 -11.3878
523 -11.3775
524 -11.3672
525 -11.3569
526 -11.3467
527 -11.3365
528 -11.3264
529 -11.3163
530 -11.3063
531 -11.2963
532 -11.2863
533 -11.2764
534 -11.2665
535 -11.2567
536 -11.2469
537 -11.2371
538 -11.2274
539 -11.2178
540 -11.2081
541 -11.1985
542 -11.189
543 -11.1795
544 -11.17
545 -11.1606
546 -11.1512
547 -11.1419
548 -11.1326
549 -11.1233
550 -11.1141
551 -11.1049
552 -11.0958
553 -11.0867
554 -11.0776
555 -11.0686
556 -11.0596
557 -11.0507
558 -11.0418
559 -11.0329
560 -11.0241
561 -11.0153
562 -11.0066
563 -10.9978
564 -10.9892
565 -10.9805
566 -10.972
567 -10.9634
568 -10.9549
569 -10.9464
570 -10.938
571 -10.9296
572 -10.9212
573 -10.9129
574 -10.9046
575 -10.8963
576 -10.8881
577 -10.8799
578 -10.8718
579 -10.8637
580 -10.8556
581 -10.8476
582 -10.8396
583 -10.8317
584 -10.8238
585 -10.8159
586 -10.808
587 -10.8002
588 -10.7924
589 -10.7847
590 -10.777
591 -10.7694
592 -10.7617
593 -10.7541
594 -10.7466
595 -10.7391
596 -10.7316
597 -10.7241
598 -10.7167
599 -10.7093
600 -10.702
601 -10.6947
602 -10.6874
603 -10.6802
604 -10.673
605 -10.6658
606 -10.6587
607 -10.6516
608 -10.6445
609 -10.6375
610 -10.6305
611 -10.6235
612 -10.6166
613 -10.6097
614 -10.6028
615 -10.596
616 -10.5892
617 -10.5824
618 -10.5757
619 -10.569
620 -10.5624
621 -10.5557
622 -10.5492
623 -10.5426
624 -10.5361
625 -10.5296
626 -10.5231
627 -10.5167
628 -10.5103
629 -10.504
630 -10.4976
631 -10.4913
632 -10.4851
633 -10.4788
634 -10.4727
635 -10.4665
636 -10.4604
637 -10.4543
638 -10.4482
639 -10.4422
640 -10.4362
641 -10.4302
642 -10.4243
643 -10.4184
644 -10.4125
645 -10.4066
646 -10.4008
647 -10.395
648 -10.3893
649 -10.3836
650 -10.3779
651 -10.3722
652 -10.3666
653 -10.361
654 -10.3555
655 -10.35
656 -10.3445
657 -10.339
658 -10.3336
659 -10.3282
660 -10.3228
661 -10.3174
662 -10.3121
663 -10.3068
664 -10.3016
665 -10.2964
666 -10.2912
667 -10.286
668 -10.2809
669 -10.2758
670 -10.2707
671 -10.2657
672 -10.2607
673 -10.2557
674 -10.2508
675 -10.2458
676 -10.241
677 -10.2361
678 -10.2313
679 -10.2265
680 -10.2217
681 -10.217
682 -10.2123
683 -10.2076
684 -10.2029
685 -10.1983
686 -10.1937
687 -10.1892
688 -10.1846
689 -10.1801
690 -10.1756
691 -10.1712
692 -10.1668
693 -10.1624
694 -10.158
695 -10.1537
696 -10.1494
697 -10.1451
698 -10.1409
699 -10.1367
700 -10.1325
701 -10.1283
702 -10.1242
703 -10.1201
704 -10.1161
705 -10.112
706 -10.108
707 -10.104
708 -10.1001
709 -10.0961
710 -10.0922
711 -10.0884
712 -10.0845
713 -10.0807
714 -10.0769
715 -10.0732
716 -10.0694
717 -10.0657
718 -10.062
719 -10.0584
720 -10.0548
721 -10.0512
722 -10.0476
723 -10.0441
724 -10.0406
725 -10.0371
726 -10.0336
727 -10.0302
728 -10.0268
729 -10.0235
730 -10.0201
731 -10.0168
732 -10.0135
733 -10.0103
734 -10.007
735 -10.0038
736 -10.0006
737 -9.99748
738 -9.99436
739 -9.99126
740 -9.98819
741 -9.98515
742 -9.98214
743 -9.97915
744 -9.97619
745 -9.97326
746 -9.97035
747 -9.96747
748 -9.96462
749 -9.96179
750 -9.95899
751 -9.95622
752 -9.95347
753 -9.95075
754 -9.94806
755 -9.9454
756 -9.94276
757 -9.94015
758 -9.93756
759 -9.935
760 -9.93247
761 -9.92996
762 -9.92748
763 -9.92503
764 -9.92261
765 -9.92021
766 -9.91783
767 -9.91549
768 -9.91316
769 -9.91087
770 -9.9086
771 -9.90636
772 -9.90415
773 -9.90196
774 -9.89979
775 -9.89766
776 -9.89555
777 -9.89346
778 -9.8914
779 -9.88937
780 -9.88737
781 -9.88539
782 -9.88343
783 -9.8815
784 -9.8796
785 -9.87773
786 -9.87588
787 -9.87405
788 -9.87225
789 -9.87048
790 -9.86874
791 -9.86702
792 -9.86532
793 -9.86365
794 -9.86201
795 -9.86039
796 -9.8588
797 -9.85724
798 -9.8557
799 -9.85418
800 -9.85269
801 -9.85123
802 -9.84979
803 -9.84838
804 -9.847
805 -9.84564
806 -9.8443
807 -9.843
808 -9.84171
809 -9.84046
810 -9.83922
811 -9.83802
812 -9.83684
813 -9.83568
814 -9.83455
815 -9.83345
816 -9.83237
817 -9.83132
818 -9.83029
819 -9.82929
820 -9.82831
821 -9.82736
822 -9.82643
823 -9.82553
824 -9.82466
825 -9.82381
826 -9.82298
827 -9.82219
828 -9.82141
829 -9.82066
830 -9.81994
831 -9.81924
832 -9.81857
833 -9.81793
834 -9.81731
835 -9.81671
836 -9.81614
837 -9.81559
838 -9.81507
839 -9.81458
840 -9.81411
841 -9.81367
842 -9.81325
843 -9.81286
844 -9.81249
845 -9.81214
846 -9.81183
847 -9.81154
848 -9.81127
849 -9.81103
850 -9.81081
851 -9.81062
852 -9.81045
853 -9.81031
854 -9.8102
855 -9.81011
856 -9.81004
857 -9.81
858 -9.80999
859 -9.80998
860 -9.80994
861 -9.80988
862 -9.80979
863 -9.80968
864 -9.80954
865 -9.80938
866 -9.80919
867 -9.80898
868 -9.80874
869 -9.80848
870 -9.80819
871 -9.80788
872 -9.80754
873 -9.80717
874 -9.80678
875 -9.80637
876 -9.80593
877 -9.80546
878 -9.80497
879 -9.80445
880 -9.80391
881 -9.80335
882 -9.80275
883 -9.80214
884 -9.8015
885 -9.80083
886 -9.80014
887 -9.79942
888 -9.79868
889 -9.79791
890 -9.79712
891 -9.7963
892 -9.79545
893 -9.79459
894 -9.79369
895 -9.79277
896 -9.79183
897 -9.79086
898 -9.78987
899 -9.78885
900 -9.7878
901 -9.78674
902 -9.78564
903 -9.78452
904 -9.78338
905 -9.78221
906 -9.78102
907 -9.7798
908 -9.77855
909 -9.77728
910 -9.77599
911 -9.77467
912 -9.77333
913 -9.77196
914 -9.77057
915 -9.76915
916 -9.76771
917 -9.76624
918 -9.76475
919 -9.76323
920 -9.76169
921 -9.76012
922 -9.75853
923 -9.75691
924 -9.75527
925 -9.7536
926 -9.75191
927 -9.7502
928 -9.74846
929 -9.74669
930 -9.7449
931 -9.74309
932 -9.74125
933 -9.73939
934 -9.7375
935 -9.73559
936 -9.73365
937 -9.73169
938 -9.72971
939 -9.7277
940 -9.72566
941 -9.7236
942 -9.72152
943 -9.71941
944 -9.71728
945 -9.71512
946 -9.71294
947 -9.71074
948 -9.70851
949 -9.70626
950 -9.70398
951 -9.70168
952 -9.69935
953 -9.697
954 -9.69463
955 -9.69223
956 -9.68981
957 -9.68736
958 -9.68489
959 -9.6824
960 -9.67988
961 -9.67734
962 -9.67477
963 -9.67218
964 -9.66957
965 -9.66693
966 -9.66427
967 -9.66158
968 -9.65887
969 -9.65614
970 -9.65338
971 -9.6506
972 -9.6478
973 -9.64497
974 -9.64212
975 -9.63924
976 -9.63635
977 -9.63342
978 -9.63048
979 -9.62751
980 -9.62452
981 -9.6215
982 -9.61846
983 -9.6154
984 -9.61232
985 -9.60921
986 -9.60608
987 -9.60292
988 -9.59974
989 -9.59654
990 -9.59332
991 -9.59007
992 -9.5868
993 -9.58351
994 -9.58019
995 -9.57685
996 -9.57349
997 -9.5701
998 -9.56669
999 -9.56326
1000 -9.55981
1001 -9.55633
1002 -9.55283
1003 -9.54931
1004 -9.54577
1005 -9.5422
1006 -9.53861
1007 -9.535
1008 -9.53136
1009 -9.5277
1010 -9.52402
1011 -9.52032
1012 -9.5166
1013 -9.51285
1014 -9.50908
1015 -9.50529
1016 -9.50148
1017 -9.49764
1018 -9.49378
1019 -9.4899
1020 -9.486
1021 -9.48208
1022 -9.47813
1023 -9.47416
1024 -9.47017
1025 -9.46616
1026 -9.46213
1027 -9.45807
1028 -9.454
1029 -9.4499
1030 -9.44578
1031 -9.44163
1032 -9.43747
1033 -9.43328
1034 -9.42908
1035 -9.42485
1036 -9.4206
1037 -9.41633
1038 -9.41204
1039 -9.40772
1040 -9.40339
1041 -9.39903
1042 -9.39465
1043 -9.39026
1044 -9.38584
1045 -9.3814
1046 -9.37693
1047 -9.37245
1048 -9.36795
1049 -9.36342
1050 -9.35888
1051 -9.35431
1052 -9.34973
1053 -9.34512
1054 -9.34049
1055 -9.33584
1056 -9.33117
1057 -9.32648
1058 -9.32177
1059 -9.31704
1060 -9.31229
1061 -9.30752
1062 -9.30273
1063 -9.29791
1064 -9.29308
1065 -9.28823
1066 -9.28336
1067 -9.27846
1068 -9.27355
1069 -9.26862
1070 -9.26367
1071 -9.25869
1072 -9.2537
1073 -9.24869
1074 -9.24366
1075 -9.23861
1076 -9.23354
1077 -9.22844
1078 -9.22333
1079 -9.2182
1080 -9.21306
1081 -9.20789
1082 -9.2027
1083 -9.19749
1084 -9.19226
1085 -9.18702
1086 -9.18175
1087 -9.17647
1088 -9.17117
1089 -9.16584
1090 -9.1605
1091 -9.15514
1092 -9.14976
1093 -9.14437
1094 -9.13895
1095 -9.13351
1096 -9.12806
1097 -9.12259
1098 -9.1171
1099 -9.11159
1100 -9.10606
1101 -9.10051
1102 -9.09495
1103 -9.08936
1104 -9.08376
1105 -9.07814
1106 -9.0725
1107 -9.06685
1108 -9.06117
1109 -9.05548
1110 -9.04977
1111 -9.04404
1112 -9.0383
1113 -9.03253
1114 -9.02675
1115 -9.02095
1116 -9.01514
1117 -9.0093
1118 -9.00345
1119 -8.99758
1120 -8.9917
1121 -8.98579
1122 -8.97987
1123 -8.97393
1124 -8.96797
1125 -8.962
1126 -8.95601
1127 -8.95
1128 -8.94398
1129 -8.93794
1130 -8.93188
1131 -8.92581
1132 -8.91971
1133 -8.91361
1134 -8.90748
1135 -8.90134
1136 -8.89518
1137 -8.88901
1138 -8.88281
1139 -8.87661
1140 -8.87038
1141 -8.86414
1142 -8.85788
1143 -8.85161
1144 -8.84532
1145 -8.83902
1146 -8.8327
1147 -8.82636
1148 -8.82001
1149 -8.81364
1150 -8.80725
1151 -8.80085
1152 -8.79444
1153 -8.78801
1154 -8.78156
1155 -8.7751
1156 -8.76862
1157 -8.76212
1158 -8.75561
1159 -8.74909
1160 -8.74255
1161 -8.736
1162 -8.72943
1163 -8.72284
1164 -8.71624
1165 -8.70963
1166 -8.703
1167 -8.69635
1168 -8.68969
1169 -8.68302
1170 -8.67633
1171 -8.66963
1172 -8.66291
1173 -8.65618
1174 -8.64943
1175 -8.64267
1176 -8.63589
1177 -8.6291
1178 -8.6223
1179 -8.61548
1180 -8.60865
1181 -8.6018
1182 -8.59494
1183 -8.58807
1184 -8.58118
1185 -8.57428
1186 -8.56736
1187 -8.56043
1188 -8.55349
1189 -8.54653
1190 -8.53956
1191 -8.53258
1192 -8.52558
1193 -8.51857
1194 -8.51155
1195 -8.50451
1196 -8.49746
1197 -8.4904
1198 -8.48332
1199 -8.47623
1200 -8.46913
1201 -8.46201
1202 -8.45489
1203 -8.44774
1204 -8.44059
1205 -8.43342
1206 -8.42625
1207 -8.41906
1208 -8.41185
1209 -8.40464
1210 -8.39741
1211 -8.39017
1212 -8.38291
1213 -8.37565
1214 -8.36837
1215 -8.36108
1216 -8.35378
1217 -8.34647
1218 -8.33914
1219 -8.3318
1220 -8.32446
1221 -8.31709
1222 -8.30972
1223 -8.30234
1224 -8.29494
1225 -8.28754
1226 -8.28012
1227 -8.27269
1228 -8.26525
1229 -8.2578
1230 -8.25033
1231 -8.24286
1232 -8.23537
1233 -8.22788
1234 -8.22037
1235 -8.21285
1236 -8.20532
1237 -8.19778
1238 -8.19023
1239 -8.18267
1240 -8.1751
1241 -8.16751
1242 -8.15992
1243 -8.15232
1244 -8.1447
1245 -8.13708
1246 -8.12944
1247 -8.1218
1248 -8.11414
1249 -8.10648
1250 -8.0988
1251 -8.09112
1252 -8.08343
1253 -8.07572
1254 -8.06801
1255 -8.06028
1256 -8.05255
1257 -8.04481
1258 -8.03705
1259 -8.02929
1260 -8.02152
1261 -8.01374
1262 -8.00595
1263 -7.99815
1264 -7.99034
1265 -7.98252
1266 -7.97469
1267 -7.96686
1268 -7.95901
1269 -11.6688
1270 -11.6573
1271 -11.6459
1272 -11.6344
1273 -11.6231
1274 -11.6117
1275 -11.6005
1276 -11.5892
1277 -11.5781
1278 -11.5669
1279 -11.5558
1280 -11.5448
1281 -11.5338
1282 -11.5228
1283 -11.5119
1284 -11.5011
1285 -11.4902
1286 -11.4795
1287 -11.4687
1288 -11.458
1289 -11.4474
1290 -11.4368
1291 -11.4263
1292 -11.4157
1293 -11.4053
1294 -11.3949
1295 -11.3845
1296 -11.3742
1297 -11.3639
1298 -11.3536
1299 -11.3434
1300 -11.3333
1301 -11.3231
1302 -11.3131
1303 -11.303
1304 -11.293
1305 -11.2831
1306 -11.2732
1307 -11.2633
1308 -11.2535
1309 -11.2437
1310 -11.234
1311 -11.2243
1312 -11.2146
1313 -11.205
1314 -11.1954
1315 -11.1859
1316 -11.1764
1317 -11.167
1318 -11.1576
1319 -11.1482
1320 -11.1389
1321 -11.1296
1322 -11.1203
1323 -11.1111
1324 -11.102
1325 -11.0928
1326 -11.0837
1327 -11.0747
1328 -11.0657
1329 -11.0567
1330 -11.0478
1331 -11.0389
1332 -11.03
1333 -11.0212
1334 -11.0125
1335 -11.0037
1336 -10.995
1337 -10.9864
1338 -10.9778
1339 -10.9692
1340 -10.9606
1341 -10.9521
1342 -10.9437
1343 -10.9352
1344 -10.9269
1345 -10.9185
1346 -10.9102
1347 -10.9019
1348 -10.8937
1349 -10.8855
1350 -10.8773
1351 -10.8692
1352 -10.8611
1353 -10.853
1354 -10.845
1355 -10.837
1356 -10.8291
1357 -10.8212
1358 -10.8133
1359 -10.8055
1360 -10.7977
1361 -10.7899
1362 -10.7822
1363 -10.7745
1364 -10.7669
1365 -10.7593
1366 -10.7517
1367 -10.7441
1368 -10.7366
1369 -10.7291
1370 -10.7217
1371 -10.7143
1372 -10.7069
1373 -10.6996
1374 -10.6923
1375 -10.6851
1376 -10.6778
1377 -10.6706
1378 -10.6635
1379 -10.6563
1380 -10.6493
1381 -10.6422
1382 -10.6352
1383 -10.6282
1384 -10.6213
1385 -10.6143
1386 -10.6075
1387 -10.6006
1388 -10.5938
1389 -10.587
1390 -10.5803
1391 -10.5735
1392 -10.5669
1393 -10.5602
1394 -10.5536
1395 -10.547
1396 -10.5405
1397 -10.534
1398 -10.5275
1399 -10.521
1400 -10.5146
1401 -10.5082
1402 -10.5019
1403 -10.4956
1404 -10.4893
1405 -10.4831
1406 -10.4768
1407 -10.4707
1408 -10.4645
1409 -10.4584
1410 -10.4523
1411 -10.4462
1412 -10.4402
1413 -10.4342
1414 -10.4283
1415 -10.4223
1416 -10.4164
1417 -10.4106
1418 -10.4047
1419 -10.3989
1420 -10.3932
1421 -10.3874
1422 -10.3817
1423 -10.3761
1424 -10.3704
1425 -10.3648
1426 -10.3592
1427 -10.3537
1428 -10.3482
1429 -10.3427
1430 -10.3372
1431 -10.3318
1432 -10.3264
1433 -10.321
1434 -10.3157
1435 -10.3104
1436 -10.3051
1437 -10.2999
1438 -10.2947
1439 -10.2895
1440 -10.2844
1441 -10.2792
1442 -10.2742
1443 -10.2691
1444 -10.2641
1445 -10.2591
1446 -10.2541
1447 -10.2492
1448 -10.2443
1449 -10.2394
1450 -10.2345
1451 -10.2297
1452 -10.2249
1453 -10.2202
1454 -10.2154
1455 -10.2107
1456 -10.2061
1457 -10.2014
1458 -10.1968
1459 -10.1922
1460 -10.1877
1461 -10.1832
1462 -10.1787
1463 -10.1742
1464 -10.1698
1465 -10.1654
1466 -10.161
1467 -10.1566
1468 -10.1523
1469 -10.148
1470 -10.1438
1471 -10.1395
1472 -10.1353
1473 -10.1312
1474 -10.127
1475 -10.1229
1476 -10.1188
1477 -10.1147
1478 -10.1107
1479 -10.1067
1480 -10.1027
1481 -10.0988
1482 -10.0949
1483 -10.091
1484 -10.0871
1485 -10.0833
1486 -10.0795
1487 -10.0757
1488 -10.0719
1489 -10.0682
1490 -10.0645
1491 -10.0609
1492 -10.0572
1493 -10.0536
1494 -10.05
1495 -10.0465
1496 -10.0429
1497 -10.0394
1498 -10.036
1499 -10.0325
1500 -10.0291
1501 -10.0257
1502 -10.0224
1503 -10.019
1504 -10.0157
1505 -10.0125
1506 -10.0092
1507 -10.006
1508 -10.0028
1509 -9.99961
1510 -9.99647
1511 -9.99335
1512 -9.99027
1513 -9.98721
1514 -9.98417
1515 -9.98117
1516 -9.97819
1517 -9.97523
1518 -9.97231
1519 -9.96941
1520 -9.96654
1521 -9.9637
1522 -9.96088
1523 -9.95809
1524 -9.95533
1525 -9.95259
1526 -9.94988
1527 -9.94719
1528 -9.94454
1529 -9.94191
1530 -9.9393
1531 -9.93673
1532 -9.93418
1533 -9.93165
1534 -9.92916
1535 -9.92669
1536 -9.92424
1537 -9.92182
1538 -9.91943
1539 -9.91707
1540 -9.91473
1541 -9.91242
1542 -9.91013
1543 -9.90787
1544 -9.90564
1545 -9.90343
1546 -9.90125
1547 -9.8991
1548 -9.89697
1549 -9.89487
1550 -9.89279
1551 -9.89074
1552 -9.88872
1553 -9.88672
1554 -9.88475
1555 -9.8828
1556 -9.88088
1557 -9.87899
1558 -9.87712
1559 -9.87528
1560 -9.87347
1561 -9.87168
1562 -9.86991
1563 -9.86818
1564 -9.86646
1565 -9.86478
1566 -9.86312
1567 -9.86148
1568 -9.85987
1569 -9.85829
1570 -9.85673
1571 -9.8552
1572 -9.8537
1573 -9.85222
1574 -9.85076
1575 -9.84933
1576 -9.84793
1577 -9.84655
1578 -9.8452
1579 -9.84388
1580 -9.84258
1581 -9.8413
1582 -9.84005
1583 -9.83883
1584 -9.83763
1585 -9.83646
1586 -9.83531
1587 -9.83419
1588 -9.8331
1589 -9.83203
1590 -9.83098
1591 -9.82996
1592 -9.82897
1593 -9.828
1594 -9.82706
1595 -9.82614
1596 -9.82525
1597 -9.82438
1598 -9.82354
1599 -9.82272
1600 -9.82193
1601 -9.82117
1602 -9.82043
1603 -9.81971
1604 -9.81902
1605 -9.81836
1606 -9.81772
1607 -9.81711
1608 -9.81652
1609 -9.81596
1610 -9.81542
1611 -9.81491
1612 -9.81443
1613 -9.81396
1614 -9.81353
1615 -9.81312
1616 -9.81273
1617 -9.81237
1618 -9.81204
1619 -9.81173
1620 -9.81145
1621 -9.81119
1622 -9.81095
1623 -9.81075
1624 -9.81056
1625 -9.81041
1626 -9.81027
1627 -9.81017
1628 -9.81008
1629 -9.81003
1630 -9.81
1631 -9.80999
1632 -9.80997
1633 -9.80993
1634 -9.80986
1635 -9.80976
1636 -9.80964
1637 -9.80949
1638 -9.80932
1639 -9.80913
1640 -9.80891
1641 -9.80866
1642 -9.80839
1643 -9.80809
1644 -9.80777
1645 -9.80742
1646 -9.80705
1647 -9.80665
1648 -9.80623
1649 -9.80578
1650 -9.8053
1651 -9.8048
1652 -9.80428
1653 -9.80373
1654 -9.80316
1655 -9.80256
1656 -9.80193
1657 -9.80128
1658 -9.80061
1659 -9.79991
1660 -9.79918
1661 -9.79843
1662 -9.79765
1663 -9.79685
1664 -9.79603
1665 -9.79517
1666 -9.7943
1667 -9.7934
1668 -9.79247
1669 -9.79152
1670 -9.79054
1671 -9.78954
1672 -9.78851
1673 -9.78746
1674 -9.78638
1675 -9.78528
1676 -9.78415
1677 -9.783
1678 -9.78183
1679 -9.78062
1680 -9.7794
1681 -9.77814
1682 -9.77687
1683 -9.77557
1684 -9.77424
1685 -9.77289
1686 -9.77151
1687 -9.77011
1688 -9.76868
1689 -9.76723
1690 -9.76576
1691 -9.76426
1692 -9.76273
1693 -9.76118
1694 -9.75961
1695 -9.75801
1696 -9.75638
1697 -9.75473
1698 -9.75306
1699 -9.75136
1700 -9.74964
1701 -9.74789
1702 -9.74612
1703 -9.74432
1704 -9.7425
1705 -9.74065
1706 -9.73878
1707 -9.73688
1708 -9.73496
1709 -9.73302
1710 -9.73105
1711 -9.72906
1712 -9.72704
1713 -9.725
1714 -9.72293
1715 -9.72084
1716 -9.71872
1717 -9.71658
1718 -9.71442
1719 -9.71223
1720 -9.71002
1721 -9.70778
1722 -9.70552
1723 -9.70323
1724 -9.70093
1725 -9.69859
1726 -9.69623
1727 -9.69385
1728 -9.69145
1729 -9.68902
1730 -9.68656
1731 -9.68408
1732 -9.68158
1733 -9.67906
1734 -9.67651
1735 -9.67393
1736 -9.67133
1737 -9.66871
1738 -9.66607
1739 -9.6634
1740 -9.6607
1741 -9.65799
1742 -9.65525
1743 -9.65248
1744 -9.6497
1745 -9.64688
1746 -9.64405
1747 -9.64119
1748 -9.63831
1749 -9.6354
1750 -9.63247
1751 -9.62952
1752 -9.62654
1753 -9.62354
1754 -9.62052
1755 -9.61747
1756 -9.6144
1757 -9.61131
1758 -9.6082
1759 -9.60506
1760 -9.60189
1761 -9.59871
1762 -9.5955
1763 -9.59227
1764 -9.58901
1765 -9.58573
1766 -9.58243
1767 -9.57911
1768 -9.57576
1769 -9.57239
1770 -9.569
1771 -9.56558
1772 -9.56214
1773 -9.55868
1774 -9.5552
1775 -9.55169
1776 -9.54816
1777 -9.54461
1778 -9.54104
1779 -9.53744
1780 -9.53382
1781 -9.53018
1782 -9.52651
1783 -9.52283
1784 -9.51912
1785 -9.51538
1786 -9.51163
1787 -9.50785
1788 -9.50406
1789 -9.50023
1790 -9.49639
1791 -9.49253
1792 -9.48864
1793 -9.48473
1794 -9.4808
1795 -9.47685
1796 -9.47287
1797 -9.46887
1798 -9.46486
1799 -9.46081
1800 -9.45675
1801 -9.45267
1802 -9.44856
1803 -9.44443
1804 -9.44029
1805 -9.43612
1806 -9.43192
1807 -9.42771
1808 -9.42347
1809 -9.41922
1810 -9.41494
1811 -9.41064
1812 -9.40632
1813 -9.40198
1814 -9.39761
1815 -9.39323
1816 -9.38882
1817 -9.3844
1818 -9.37995
1819 -9.37548
1820 -9.37099
1821 -9.36648
1822 -9.36195
1823 -9.3574
1824 -9.35283
1825 -9.34823
1826 -9.34362
1827 -9.33898
1828 -9.33433
1829 -9.32965
1830 -9.32496
1831 -9.32024
1832 -9.3155
1833 -9.31074
1834 -9.30597
1835 -9.30117
1836 -9.29635
1837 -9.29151
1838 -9.28665
1839 -9.28177
1840 -9.27687
1841 -9.27195
1842 -9.26702
1843 -9.26206
1844 -9.25708
1845 -9.25208
1846 -9.24706
1847 -9.24202
1848 -9.23696
1849 -9.23189
1850 -9.22679
1851 -9.22167
1852 -9.21654
1853 -9.21138
1854 -9.20621
1855 -9.20101
1856 -9.1958
1857 -9.19057
1858 -9.18531
1859 -9.18004
1860 -9.17475
1861 -9.16944
1862 -9.16411
1863 -9.15877
1864 -9.1534
1865 -9.14802
1866 -9.14261
1867 -9.13719
1868 -9.13175
1869 -9.12629
1870 -9.12081
1871 -9.11531
1872 -9.1098
1873 -9.10426
1874 -9.09871
1875 -9.09314
1876 -9.08755
1877 -9.08194
1878 -9.07632
1879 -9.07067
1880 -9.06501
1881 -9.05933
1882 -9.05363
1883 -9.04792
1884 -9.04218
1885 -9.03643
1886 -9.03066
1887 -9.02487
1888 -9.01907
1889 -9.01325
1890 -9.00741
1891 -9.00155
1892 -8.99567
1893 -8.98978
1894 -8.98387
1895 -8.97795
1896 -8.972
1897 -8.96604
1898 -8.96006
1899 -8.95407
1900 -8.94805
1901 -8.94202
1902 -8.93598
1903 -8.92991
1904 -8.92383
1905 -8.91773
1906 -8.91162
1907 -8.90549
1908 -8.89934
1909 -8.89318
1910 -8.887
1911 -8.8808
1912 -8.87459
1913 -8.86836
1914 -8.86211
1915 -8.85585
1916 -8.84957
1917 -8.84328
1918 -8.83697
1919 -8.83064
1920 -8.8243
1921 -8.81794
1922 -8.81157
1923 -8.80518
1924 -8.79877
1925 -8.79235
1926 -8.78592
1927 -8.77946
1928 -8.773
1929 -8.76651
1930 -8.76001
1931 -8.7535
1932 -8.74697
1933 -8.74043
1934 -8.73387
1935 -8.72729
1936 -8.7207
1937 -8.7141
1938 -8.70748
1939 -8.70084
1940 -8.69419
1941 -8.68753
1942 -8.68085
1943 -8.67416
1944 -8.66745
1945 -8.66073
1946 -8.65399
1947 -8.64724
1948 -8.64047
1949 -8.63369
1950 -8.6269
1951 -8.62009
1952 -8.61327
1953 -8.60643
1954 -8.59958
1955 -8.59271
1956 -8.58583
1957 -8.57894
1958 -8.57204
1959 -8.56512
1960 -8.55818
1961 -8.55123
1962 -8.54427
1963 -8.5373
1964 -8.53031
1965 -8.52331
1966 -8.51629
1967 -8.50927
1968 -8.50222
1969 -8.49517
1970 -8.4881
1971 -8.48102
1972 -8.47393
1973 -8.46682
1974 -8.4597
1975 -8.45257
1976 -8.44543
1977 -8.43827
1978 -8.4311
1979 -8.42392
1980 -8.41672
1981 -8.40951
1982 -8.40229
1983 -8.39506
1984 -8.38782
1985 -8.38056
1986 -8.37329
1987 -8.36601
1988 -8.35871
1989 -8.35141
1990 -8.34409
1991 -8.33676
1992 -8.32942
1993 -8.32207
1994 -8.31471
1995 -8.30733
1996 -8.29994
1997 -8.29254
1998 -8.28513
1999 -8.27771
2000 -8.27028
2001 -8.26283
2002 -8.25538
2003 -8.24791
2004 -11.3795
2005 -11.3692
2006 -11.359
2007 -11.3487
2008 -11.3386
2009 -11.3284
2010 -11.3183
2011 -11.3083
2012 -11.2983
2013 -11.2883
2014 -11.2784
2015 -11.2685
2016 -11.2586
2017 -11.2488
2018 -11.2391
2019 -11.2293
2020 -11.2197
2021 -11.21
2022 -11.2004
2023 -11.1909
2024 -11.1814
2025 -11.1719
2026 -11.1625
2027 -11.1531
2028 -11.1437
2029 -11.1344
2030 -11.1252
2031 -11.1159
2032 -11.1067
2033 -11.0976
2034 -11.0885
2035 -11.0794
2036 -11.0704
2037 -11.0614
2038 -11.0524
2039 -11.0435
2040 -11.0347
2041 -11.0258
2042 -11.017
2043 -11.0083
2044 -10.9996
2045 -10.9909
2046 -10.9823
2047 -10.9737
2048 -10.9651
2049 -10.9566
2050 -10.9481
2051 -10.9396
2052 -10.9312
2053 -10.9229
2054 -10.9145
2055 -10.9062
2056 -10.898
2057 -10.8898
2058 -10.8816
2059 -10.8734
2060 -10.8653
2061 -10.8572
2062 -10.8492
2063 -10.8412
2064 -10.8332
2065 -10.8253
2066 -10.8174
2067 -10.8096
2068 -10.8018
2069 -10.794
2070 -10.7862
2071 -10.7785
2072 -10.7709
2073 -10.7632
2074 -10.7556
2075 -10.7481
2076 -10.7405
2077 -10.7331
2078 -10.7256
2079 -10.7182
2080 -10.7108
2081 -10.7034
2082 -10.6961
2083 -10.6888
2084 -10.6816
2085 -10.6744
2086 -10.6672
2087 -10.6601
2088 -10.653
2089 -10.6459
2090 -10.6389
2091 -10.6318
2092 -10.6249
2093 -10.6179
2094 -10.611
2095 -10.6042
2096 -10.5973
2097 -10.5905
2098 -10.5838
2099 -10.5771
2100 -10.5704
2101 -10.5637
2102 -10.5571
2103 -10.5505
2104 -10.5439
2105 -10.5374
2106 -10.5309
2107 -10.5244
2108 -10.518
2109 -10.5116
2110 -10.5052
2111 -10.4989
2112 -10.4926
2113 -10.4863
2114 -10.4801
2115 -10.4739
2116 -10.4677
2117 -10.4616
2118 -10.4555
2119 -10.4494
2120 -10.4434
2121 -10.4374
2122 -10.4314
2123 -10.4254
2124 -10.4195
2125 -10.4136
2126 -10.4078
2127 -10.402
2128 -10.3962
2129 -10.3904
2130 -10.3847
2131 -10.379
2132 -10.3734
2133 -10.3677
2134 -10.3621
2135 -10.3566
2136 -10.351
2137 -10.3455
2138 -10.3401
2139 -10.3346
2140 -10.3292
2141 -10.3238
2142 -10.3185
2143 -10.3132
2144 -10.3079
2145 -10.3026
2146 -10.2974
2147 -10.2922
2148 -10.287
2149 -10.2819
2150 -10.2768
2151 -10.2717
2152 -10.2667
2153 -10.2617
2154 -10.2567
2155 -10.2517
2156 -10.2468
2157 -10.2419
2158 -10.2371
2159 -10.2322
2160 -10.2274
2161 -10.2227
2162 -10.2179
2163 -10.2132
2164 -10.2085
2165 -10.2039
2166 -10.1992
2167 -10.1946
2168 -10.1901
2169 -10.1855
2170 -10.181
2171 -10.1765
2172 -10.1721
2173 -10.1677
2174 -10.1633
2175 -10.1589
2176 -10.1546
2177 -10.1503
2178 -10.146
2179 -10.1417
2180 -10.1375
2181 -10.1333
2182 -10.1292
2183 -10.125
2184 -10.1209
2185 -10.1169
2186 -10.1128
2187 -10.1088
2188 -10.1048
2189 -10.1008
2190 -10.0969
2191 -10.093
2192 -10.0891
2193 -10.0853
2194 -10.0815
2195 -10.0777
2196 -10.0739
2197 -10.0702
2198 -10.0665
2199 -10.0628
2200 -10.0591
2201 -10.0555
2202 -10.0519
2203 -10.0483
2204 -10.0448
2205 -10.0413
2206 -10.0378
2207 -10.0343
2208 -10.0309
2209 -10.0275
2210 -10.0241
2211 -10.0208
2212 -10.0175
2213 -10.0142
2214 -10.0109
2215 -10.0077
2216 -10.0044
2217 -10.0013
2218 -9.99811
2219 -9.99498
2220 -9.99188
2221 -9.9888
2222 -9.98575
2223 -9.98273
2224 -9.97974
2225 -9.97677
2226 -9.97384
2227 -9.97092
2228 -9.96804
2229 -9.96518
2230 -9.96235
2231 -9.95954
2232 -9.95677
2233 -9.95402
2234 -9.95129
2235 -9.94859
2236 -9.94592
2237 -9.94328
2238 -9.94066
2239 -9.93807
2240 -9.93551
2241 -9.93297
2242 -9.93046
2243 -9.92797
2244 -9.92552
2245 -9.92308
2246 -9.92068
2247 -9.9183
2248 -9.91595
2249 -9.91362
2250 -9.91132
2251 -9.90905
2252 -9.9068
2253 -9.90458
2254 -9.90239
2255 -9.90022
2256 -9.89808
2257 -9.89596
2258 -9.89387
2259 -9.89181
2260 -9.88977
2261 -9.88776
2262 -9.88578
2263 -9.88382
2264 -9.88188
2265 -9.87998
2266 -9.8781
2267 -9.87624
2268 -9.87441
2269 -9.87261
2270 -9.87083
2271 -9.86908
2272 -9.86736
2273 -9.86566
2274 -9.86398
2275 -9.86233
2276 -9.86071
2277 -9.85912
2278 -9.85754
2279 -9.856
2280 -9.85448
2281 -9.85299
2282 -9.85152
2283 -9.85008
2284 -9.84866
2285 -9.84727
2286 -9.84591
2287 -9.84457
2288 -9.84325
2289 -9.84197
2290 -9.8407
2291 -9.83947
2292 -9.83825
2293 -9.83707
2294 -9.83591
2295 -9.83477
2296 -9.83367
2297 -9.83258
2298 -9.83152
2299 -9.83049
2300 -9.82948
2301 -9.8285
2302 -9.82755
2303 -9.82661
2304 -9.82571
2305 -9.82483
2306 -9.82397
2307 -9.82315
2308 -9.82234
2309 -9.82156
2310 -9.82081
2311 -9.82008
2312 -9.81938
2313 -9.8187
2314 -9.81805
2315 -9.81743
2316 -9.81683
2317 -9.81625
2318 -9.8157
2319 -9.81518
2320 -9.81468
2321 -9.8142
2322 -9.81375
2323 -9.81333
2324 -9.81293
2325 -9.81256
2326 -9.81221
2327 -9.81189
2328 -9.81159
2329 -9.81132
2330 -9.81107
2331 -9.81085
2332 -9.81066
2333 -9.81048
2334 -9.81034
2335 -9.81022
2336 -9.81012
2337 -9.81005
2338 -9.81001
2339 -9.80999
2340 -9.80998
2341 -9.80995
2342 -9.8099
2343 -9.80981
2344 -9.80971
2345 -9.80957
2346 -9.80942
2347 -9.80923
2348 -9.80902
2349 -9.80879
2350 -9.80853
2351 -9.80825
2352 -9.80794
2353 -9.80761
2354 -9.80725
2355 -9.80686
2356 -9.80645
2357 -9.80602
2358 -9.80555
2359 -9.80507
2360 -9.80456
2361 -9.80402
2362 -9.80346
2363 -9.80287
2364 -9.80226
2365 -9.80162
2366 -9.80096
2367 -9.80028
2368 -9.79956
2369 -9.79883
2370 -9.79806
2371 -9.79727
2372 -9.79646
2373 -9.79562
2374 -9.79476
2375 -9.79387
2376 -9.79296
2377 -9.79202
2378 -9.79106
2379 -9.79007
2380 -9.78905
2381 -9.78801
2382 -9.78695
2383 -9.78586
2384 -9.78475
2385 -9.78361
2386 -9.78244
2387 -9.78126
2388 -9.78004
2389 -9.7788
2390 -9.77754
2391 -9.77625
2392 -9.77494
2393 -9.7736
2394 -9.77223
2395 -9.77085
2396 -9.76943
2397 -9.76799
2398 -9.76653
2399 -9.76504
2400 -9.76353
2401 -9.76199
2402 -9.76043
2403 -9.75884
2404 -9.75723
2405 -9.7556
2406 -9.75394
2407 -9.75225
2408 -9.75054
2409 -9.7488
2410 -9.74704
2411 -9.74526
2412 -9.74345
2413 -9.74162
2414 -9.73976
2415 -9.73788
2416 -9.73597
2417 -9.73404
2418 -9.73208
2419 -9.7301
2420 -9.7281
2421 -9.72607
2422 -9.72401
2423 -9.72193
2424 -9.71983
2425 -9.7177
2426 -9.71555
2427 -9.71338
2428 -9.71118
2429 -9.70895
2430 -9.70671
2431 -9.70443
2432 -9.70214
2433 -9.69981
2434 -9.69747
2435 -9.6951
2436 -9.69271
2437 -9.69029
2438 -9.68785
2439 -9.68538
2440 -9.68289
2441 -9.68038
2442 -9.67784
2443 -9.67528
2444 -9.6727
2445 -9.67009
2446 -9.66745
2447 -9.6648
2448 -9.66212
2449 -9.65941
2450 -9.65668
2451 -9.65393
2452 -9.65116
2453 -9.64836
2454 -9.64553
2455 -9.64269
2456 -9.63982
2457 -9.63692
2458 -9.63401
2459 -9.63107
2460 -9.6281
2461 -9.62511
2462 -9.6221
2463 -9.61907
2464 -9.61601
2465 -9.61293
2466 -9.60983
2467 -9.6067
2468 -9.60355
2469 -9.60038
2470 -9.59718
2471 -9.59396
2472 -9.59072
2473 -9.58745
2474 -9.58416
2475 -9.58085
2476 -9.57751
2477 -9.57416
2478 -9.57077
2479 -9.56737
2480 -9.56394
2481 -9.5605
2482 -9.55702
2483 -9.55353
2484 -9.55001
2485 -9.54647
2486 -9.54291
2487 -9.53932
2488 -9.53571
2489 -9.53208
2490 -9.52843
2491 -9.52476
2492 -9.52106
2493 -9.51734
2494 -9.5136
2495 -9.50983
2496 -9.50604
2497 -9.50223
2498 -9.4984
2499 -9.49455
2500 -9.49067
2501 -9.48678
2502 -9.48286
2503 -9.47892
2504 -9.47495
2505 -9.47097
2506 -9.46696
2507 -9.46293
2508 -9.45888
2509 -9.45481
2510 -9.45071
2511 -9.4466
2512 -9.44246
2513 -9.4383
2514 -9.43412
2515 -9.42991
2516 -9.42569
2517 -9.42144
2518 -9.41718
2519 -9.41289
2520 -9.40858
2521 -9.40425
2522 -9.3999
2523 -9.39552
2524 -9.39113
2525 -9.38671
2526 -9.38228
2527 -9.37782
2528 -9.37334
2529 -9.36884
2530 -9.36432
2531 -9.35978
2532 -9.35522
2533 -9.35064
2534 -9.34603
2535 -9.34141
2536 -9.33677
2537 -9.3321
2538 -9.32741
2539 -9.32271
2540 -9.31798
2541 -9.31323
2542 -9.30847
2543 -9.30368
2544 -9.29887
2545 -9.29404
2546 -9.28919
2547 -9.28433
2548 -9.27944
2549 -9.27453
2550 -9.2696
2551 -9.26465
2552 -9.25968
2553 -9.25469
2554 -9.24969
2555 -9.24466
2556 -9.23961
2557 -9.23454
2558 -9.22946
2559 -9.22435
2560 -9.21922
2561 -9.21408
2562 -9.20891
2563 -9.20373
2564 -9.19853
2565 -9.1933
2566 -9.18806
2567 -9.1828
2568 -9.17752
2569 -9.17222
2570 -9.1669
2571 -9.16156
2572 -9.15621
2573 -9.15083
2574 -9.14544
2575 -9.14003
2576 -9.13459
2577 -9.12914
2578 -9.12367
2579 -9.11819
2580 -9.11268
2581 -9.10716
2582 -9.10161
2583 -9.09605
2584 -9.09047
2585 -9.08487
2586 -9.07926
2587 -9.07362
2588 -9.06797
2589 -9.0623
2590 -9.05661
2591 -9.05091
2592 -9.04518
2593 -9.03944
2594 -9.03368
2595 -9.0279
2596 -9.02211
2597 -9.01629
2598 -9.01046
2599 -9.00461
2600 -8.99875
2601 -8.99286
2602 -8.98696
2603 -8.98105
2604 -8.97511
2605 -8.96916
2606 -8.96319
2607 -8.9572
2608 -8.9512
2609 -8.94518
2610 -8.93914
2611 -8.93308
2612 -8.92701
2613 -8.92092
2614 -8.91482
2615 -8.9087
2616 -8.90256
2617 -8.8964
2618 -8.89023
2619 -8.88404
2620 -8.87784
2621 -8.87162
2622 -8.86538
2623 -8.85913
2624 -8.85286
2625 -8.84657
2626 -8.84027
2627 -8.83395
2628 -8.82762
2629 -8.82127
2630 -8.8149
2631 -8.80852
2632 -8.80212
2633 -8.79571
2634 -8.78928
2635 -8.78284
2636 -8.77638
2637 -8.7699
2638 -8.76341
2639 -8.75691
2640 -8.75039
2641 -8.74385
2642 -8.7373
2643 -8.73073
2644 -8.72415
2645 -8.71755
2646 -8.71094
2647 -8.70431
2648 -8.69767
2649 -8.69102
2650 -8.68434
2651 -8.67766
2652 -8.67096
2653 -8.66424
2654 -8.65751
2655 -8.65077
2656 -8.64401
2657 -8.63724
2658 -8.63045
2659 -8.62365
2660 -8.61683
2661 -8.61
2662 -8.60316
2663 -8.5963
2664 -8.58943
2665 -8.58255
2666 -8.57565
2667 -8.56873
2668 -8.56181
2669 -8.55487
2670 -8.54791
2671 -8.54095
2672 -8.53396
2673 -8.52697
2674 -8.51996
2675 -8.51294
2676 -8.50591
2677 -8.49886
2678 -8.4918
2679 -8.48473
2680 -8.47764
2681 -8.47054
2682 -8.46343
2683 -11.1637
2684 -11.1543
2685 -11.1449
2686 -11.1356
2687 -11.1263
2688 -11.1171
2689 -11.1079
2690 -11.0988
2691 -11.0897
2692 -11.0806
2693 -11.0715
2694 -11.0625
2695 -11.0536
2696 -11.0447
2697 -11.0358
2698 -11.027
2699 -11.0182
2700 -11.0094
2701 -11.0007
2702 -10.992
2703 -10.9834
2704 -10.9748
2705 -10.9662
2706 -10.9577
2707 -10.9492
2708 -10.9407
2709 -10.9323
2710 -10.9239
2711 -10.9156
2712 -10.9073
2713 -10.899
2714 -10.8908
2715 -10.8826
2716 -10.8745
2717 -10.8664
2718 -10.8583
2719 -10.8502
2720 -10.8422
2721 -10.8343
2722 -10.8263
2723 -10.8184
2724 -10.8106
2725 -10.8028
2726 -10.795
2727 -10.7872
2728 -10.7795
2729 -10.7719
2730 -10.7642
2731 -10.7566
2732 -10.749
2733 -10.7415
2734 -10.734
2735 -10.7266
2736 -10.7191
2737 -10.7117
2738 -10.7044
2739 -10.6971
2740 -10.6898
2741 -10.6825
2742 -10.6753
2743 -10.6681
2744 -10.661
2745 -10.6539
2746 -10.6468
2747 -10.6398
2748 -10.6327
2749 -10.6258
2750 -10.6188
2751 -10.6119
2752 -10.6051
2753 -10.5982
2754 -10.5914
2755 -10.5846
2756 -10.5779
2757 -10.5712
2758 -10.5645
2759 -10.5579
2760 -10.5513
2761 -10.5447
2762 -10.5382
2763 -10.5317
2764 -10.5252
2765 -10.5188
2766 -10.5124
2767 -10.506
2768 -10.4997
2769 -10.4934
2770 -10.4871
2771 -10.4809
2772 -10.4747
2773 -10.4685
2774 -10.4624
2775 -10.4563
2776 -10.4502
2777 -10.4441
2778 -10.4381
2779 -10.4321
2780 -10.4262
2781 -10.4203
2782 -10.4144
2783 -10.4085
2784 -10.4027
2785 -10.3969
2786 -10.3912
2787 -10.3854
2788 -10.3798
2789 -10.3741
2790 -10.3685
2791 -10.3629
2792 -10.3573
2793 -10.3518
2794 -10.3462
2795 -10.3408
2796 -10.3353
2797 -10.3299
2798 -10.3245
2799 -10.3192
2800 -10.3139
2801 -10.3086
2802 -10.3033
2803 -10.2981
2804 -10.2929
2805 -10.2877
2806 -10.2826
2807 -10.2775
2808 -10.2724
2809 -10.2673
2810 -10.2623
2811 -10.2573
2812 -10.2524
2813 -10.2474
2814 -10.2426
2815 -10.2377
2816 -10.2328
2817 -10.228
2818 -10.2233
2819 -10.2185
2820 -10.2138
2821 -10.2091
2822 -10.2044
2823 -10.1998
2824 -10.1952
2825 -10.1906
2826 -10.1861
2827 -10.1816
2828 -10.1771
2829 -10.1727
2830 -10.1682
2831 -10.1638
2832 -10.1595
2833 -10.1551
2834 -10.1508
2835 -10.1465
2836 -10.1423
2837 -10.1381
2838 -10.1339
2839 -10.1297
2840 -10.1256
2841 -10.1215
2842 -10.1174
2843 -10.1133
2844 -10.1093
2845 -10.1053
2846 -10.1013
2847 -10.0974
2848 -10.0935
2849 -10.0896
2850 -10.0858
2851 -10.0819
2852 -10.0781
2853 -10.0744
2854 -10.0706
2855 -10.0669
2856 -10.0632
2857 -10.0596
2858 -10.056
2859 -10.0524
2860 -10.0488
2861 -10.0452
2862 -10.0417
2863 -10.0382
2864 -10.0348
2865 -10.0313
2866 -10.0279
2867 -10.0246
2868 -10.0212
2869 -10.0179
2870 -10.0146
2871 -10.0113
2872 -10.0081
2873 -10.0049
2874 -10.0017
2875 -9.99851
2876 -9.99538
2877 -9.99227
2878 -9.98919
2879 -9.98614
2880 -9.98312
2881 -9.98012
2882 -9.97715
2883 -9.97421
2884 -9.9713
2885 -9.96841
2886 -9.96555
2887 -9.96271
2888 -9.9599
2889 -9.95712
2890 -9.95437
2891 -9.95164
2892 -9.94894
2893 -9.94626
2894 -9.94362
2895 -9.941
2896 -9.9384
2897 -9.93583
2898 -9.93329
2899 -9.93078
2900 -9.92829
2901 -9.92583
2902 -9.9234
2903 -9.92099
2904 -9.91861
2905 -9.91625
2906 -9.91392
2907 -9.91162
2908 -9.90934
2909 -9.90709
2910 -9.90487
2911 -9.90267
2912 -9.9005
2913 -9.89835
2914 -9.89623
2915 -9.89414
2916 -9.89207
2917 -9.89003
2918 -9.88802
2919 -9.88603
2920 -9.88407
2921 -9.88213
2922 -9.88022
2923 -9.87834
2924 -9.87648
2925 -9.87465
2926 -9.87284
2927 -9.87106
2928 -9.8693
2929 -9.86758
2930 -9.86587
2931 -9.8642
2932 -9.86254
2933 -9.86092
2934 -9.85932
2935 -9.85774
2936 -9.8562
2937 -9.85467
2938 -9.85318
2939 -9.85171
2940 -9.85026
2941 -9.84884
2942 -9.84745
2943 -9.84608
2944 -9.84474
2945 -9.84342
2946 -9.84213
2947 -9.84086
2948 -9.83962
2949 -9.83841
2950 -9.83722
2951 -9.83606
2952 -9.83492
2953 -9.83381
2954 -9.83272
2955 -9.83166
2956 -9.83062
2957 -9.82961
2958 -9.82863
2959 -9.82767
2960 -9.82673
2961 -9.82582
2962 -9.82494
2963 -9.82408
2964 -9.82325
2965 -9.82244
2966 -9.82166
2967 -9.82091
2968 -9.82018
2969 -9.81947
2970 -9.81879
2971 -9.81814
2972 -9.81751
2973 -9.8169
2974 -9.81632
2975 -9.81577
2976 -9.81524
2977 -9.81474
2978 -9.81426
2979 -9.81381
2980 -9.81338
2981 -9.81298
2982 -9.8126
2983 -9.81225
2984 -9.81193
2985 -9.81163
2986 -9.81135
2987 -9.8111
2988 -9.81088
2989 -9.81068
2990 -9.81051
2991 -9.81036
2992 -9.81023
2993 -9.81014
2994 -9.81006
2995 -9.81001
2996 -9.80999
2997 -9.80999
2998 -9.80996
2999 -9.8099
3000 -9.80983
3001 -9.80972
3002 -9.80959
3003 -9.80944
3004 -9.80926
3005 -9.80905
3006 -9.80882
3007 -9.80857
3008 -9.80829
3009 -9.80798
3010 -9.80765
3011 -9.80729
3012 -9.80691
3013 -9.8065
3014 -9.80607
3015 -9.80562
3016 -9.80513
3017 -9.80462
3018 -9.80409
3019 -9.80353
3020 -9.80295
3021 -9.80234
3022 -9.80171
3023 -9.80105
3024 -9.80036
3025 -9.79966
3026 -9.79892
3027 -9.79816
3028 -9.79738
3029 -9.79657
3030 -9.79573
3031 -9.79487
3032 -9.79399
3033 -9.79308
3034 -9.79214
3035 -9.79118
3036 -9.7902
3037 -9.78918
3038 -9.78815
3039 -9.78709
3040 -9.786
3041 -9.78489
3042 -9.78376
3043 -9.78259
3044 -9.78141
3045 -9.7802
3046 -9.77896
3047 -9.7777
3048 -9.77642
3049 -9.77511
3050 -9.77377
3051 -9.77241
3052 -9.77103
3053 -9.76962
3054 -9.76818
3055 -9.76672
3056 -9.76524
3057 -9.76373
3058 -9.76219
3059 -9.76063
3060 -9.75905
3061 -9.75744
3062 -9.75581
3063 -9.75415
3064 -9.75247
3065 -9.75076
3066 -9.74903
3067 -9.74727
3068 -9.74549
3069 -9.74369
3070 -9.74185
3071 -9.74
3072 -9.73812
3073 -9.73622
3074 -9.73429
3075 -9.73233
3076 -9.73036
3077 -9.72836
3078 -9.72633
3079 -9.72428
3080 -9.7222
3081 -9.7201
3082 -9.71798
3083 -9.71583
3084 -9.71366
3085 -9.71146
3086 -9.70924
3087 -9.707
3088 -9.70473
3089 -9.70243
3090 -9.70011
3091 -9.69777
3092 -9.69541
3093 -9.69302
3094 -9.6906
3095 -9.68816
3096 -9.6857
3097 -9.68321
3098 -9.6807
3099 -9.67817
3100 -9.67561
3101 -9.67303
3102 -9.67042
3103 -9.66779
3104 -9.66514
3105 -9.66246
3106 -9.65976
3107 -9.65703
3108 -9.65429
3109 -9.65151
3110 -9.64872
3111 -9.6459
3112 -9.64305
3113 -9.64019
3114 -9.6373
3115 -9.63438
3116 -9.63144
3117 -9.62848
3118 -9.6255
3119 -9.62249
3120 -9.61946
3121 -9.61641
3122 -9.61333
3123 -9.61023
3124 -9.6071
3125 -9.60396
3126 -9.60078
3127 -9.59759
3128 -9.59437
3129 -9.59113
3130 -9.58787
3131 -9.58458
3132 -9.58128
3133 -9.57794
3134 -9.57459
3135 -9.57121
3136 -9.56781
3137 -9.56439
3138 -9.56094
3139 -9.55747
3140 -9.55398
3141 -9.55046
3142 -9.54693
3143 -9.54337
3144 -9.53978
3145 -9.53618
3146 -9.53255
3147 -9.5289
3148 -9.52523
3149 -9.52153
3150 -9.51782
3151 -9.51408
3152 -9.51032
3153 -9.50653
3154 -9.50273
3155 -9.4989
3156 -9.49505
3157 -9.49117
3158 -9.48728
3159 -9.48336
3160 -9.47942
3161 -9.47546
3162 -9.47148
3163 -9.46747
3164 -9.46345
3165 -9.4594
3166 -9.45533
3167 -9.45124
3168 -9.44712
3169 -9.44299
3170 -9.43883
3171 -9.43465
3172 -9.43046
3173 -9.42623
3174 -9.42199
3175 -9.41773
3176 -9.41344
3177 -9.40913
3178 -9.40481
3179 -9.40046
3180 -9.39609
3181 -9.3917
3182 -9.38728
3183 -9.38285
3184 -9.37839
3185 -9.37392
3186 -9.36942
3187 -9.3649
3188 -9.36037
3189 -9.35581
3190 -9.35123
3191 -9.34663
3192 -9.342
3193 -9.33736
3194 -9.3327
3195 -9.32802
3196 -9.32331
3197 -9.31859
3198 -9.31384
3199 -9.30908
3200 -9.30429
3201 -9.29949
3202 -9.29466
3203 -9.28982
3204 -9.28495
3205 -9.28007
3206 -9.27516
3207 -9.27023
3208 -9.26529
3209 -9.26032
3210 -9.25534
3211 -9.25033
3212 -9.2453
3213 -9.24026
3214 -9.23519
3215 -9.23011
3216 -9.22501
3217 -9.21988
3218 -9.21474
3219 -9.20958
3220 -9.2044
3221 -9.19919
3222 -9.19397
3223 -9.18873
3224 -9.18348
3225 -9.1782
3226 -9.1729
3227 -9.16759
3228 -9.16225
3229 -9.1569
3230 -9.15152
3231 -9.14613
3232 -9.14072
3233 -9.13529
3234 -9.12984
3235 -9.12438
3236 -9.11889
3237 -9.11339
3238 -9.10787
3239 -9.10233
3240 -9.09677
3241 -9.09119
3242 -9.08559
3243 -9.07998
3244 -9.07435
3245 -9.0687
3246 -9.06303
3247 -9.05734
3248 -9.05164
3249 -9.04592
3250 -9.04018
3251 -9.03442
3252 -9.02864
3253 -9.02285
3254 -9.01704
3255 -9.01121
3256 -9.00537
3257 -8.9995
3258 -8.99362
3259 -8.98772
3260 -8.98181
3261 -8.97587
3262 -8.96992
3263 -8.96396
3264 -8.95797
3265 -8.95197
3266 -8.94595
3267 -8.93991
3268 -8.93386
3269 -8.92779
3270 -8.92171
3271 -8.9156
3272 -8.90948
3273 -8.90335
3274 -8.89719
3275 -8.89102
3276 -8.88484
3277 -8.87864
3278 -8.87242
3279 -8.86618
3280 -8.85993
3281 -8.85366
3282 -8.84738
3283 -8.84108
3284 -8.83476
3285 -8.82843
3286 -8.82209
3287 -8.81572
3288 -8.80934
3289 -8.80295
3290 -8.79654
3291 -8.79011
3292 -8.78367
3293 -8.77721
3294 -8.77074
3295 -8.76425
3296 -8.75774
3297 -8.75122
3298 -8.74469
3299 -8.73814
3300 -8.73158
3301 -8.725
3302 -8.7184
3303 -8.71179
3304 -8.70517
3305 -8.69853
3306 -8.69187
3307 -8.6852
3308 -8.67852
3309 -8.67182
3310 -8.66511
3311 -8.65838
3312 -8.65164
3313 -8.64488
3314 -8.63811
3315 -8.63132
3316 -8.62452
3317 -8.61771
3318 -11.0091
3319 -11.0004
3320 -10.9917
3321 -10.9831
3322 -10.9745
3323 -10.9659
3324 -10.9574
3325 -10.9489
3326 -10.9404
3327 -10.932
3328 -10.9236
3329 -10.9153
3330 -10.907
3331 -10.8987
3332 -10.8905
3333 -10.8823
3334 -10.8742
3335 -10.8661
3336 -10.858
3337 -10.85
3338 -10.8419
3339 -10.834
3340 -10.8261
3341 -10.8182
3342 -10.8103
3343 -10.8025
3344 -10.7947
3345 -10.787
3346 -10.7793
3347 -10.7716
3348 -10.7639
3349 -10.7563
3350 -10.7488
3351 -10.7412
3352 -10.7337
3353 -10.7263
3354 -10.7189
3355 -10.7115
3356 -10.7041
3357 -10.6968
3358 -10.6895
3359 -10.6823
3360 -10.6751
3361 -10.6679
3362 -10.6607
3363 -10.6536
3364 -10.6465
3365 -10.6395
3366 -10.6325
3367 -10.6255
3368 -10.6186
3369 -10.6117
3370 -10.6048
3371 -10.598
3372 -10.5912
3373 -10.5844
3374 -10.5777
3375 -10.571
3376 -10.5643
3377 -10.5577
3378 -10.5511
3379 -10.5445
3380 -10.538
3381 -10.5315
3382 -10.525
3383 -10.5186
3384 -10.5122
3385 -10.5058
3386 -10.4995
3387 -10.4932
3388 -10.4869
3389 -10.4807
3390 -10.4745
3391 -10.4683
3392 -10.4621
3393 -10.456
3394 -10.45
3395 -10.4439
3396 -10.4379
3397 -10.4319
3398 -10.426
3399 -10.4201
3400 -10.4142
3401 -10.4083
3402 -10.4025
3403 -10.3967
3404 -10.391
3405 -10.3852
3406 -10.3796
3407 -10.3739
3408 -10.3683
3409 -10.3627
3410 -10.3571
3411 -10.3516
3412 -10.3461
3413 -10.3406
3414 -10.3351
3415 -10.3297
3416 -10.3243
3417 -10.319
3418 -10.3137
3419 -10.3084
3420 -10.3031
3421 -10.2979
3422 -10.2927
3423 -10.2875
3424 -10.2824
3425 -10.2773
3426 -10.2722
3427 -10.2672
3428 -10.2621
3429 -10.2572
3430 -10.2522
3431 -10.2473
3432 -10.2424
3433 -10.2375
3434 -10.2327
3435 -10.2279
3436 -10.2231
3437 -10.2183
3438 -10.2136
3439 -10.2089
3440 -10.2043
3441 -10.1997
3442 -10.1951
3443 -10.1905
3444 -10.1859
3445 -10.1814
3446 -10.1769
3447 -10.1725
3448 -10.1681
3449 -10.1637
3450 -10.1593
3451 -10.155
3452 -10.1507
3453 -10.1464
3454 -10.1421
3455 -10.1379
3456 -10.1337
3457 -10.1296
3458 -10.1254
3459 -10.1213
3460 -10.1172
3461 -10.1132
3462 -10.1092
3463 -10.1052
3464 -10.1012
3465 -10.0973
3466 -10.0934
3467 -10.0895
3468 -10.0856
3469 -10.0818
3470 -10.078
3471 -10.0742
3472 -10.0705
3473 -10.0668
3474 -10.0631
3475 -10.0595
3476 -10.0558
3477 -10.0522
3478 -10.0487
3479 -10.0451
3480 -10.0416
3481 -10.0381
3482 -10.0346
3483 -10.0312
3484 -10.0278
3485 -10.0244
3486 -10.0211
3487 -10.0178
3488 -10.0145
3489 -10.0112
3490 -10.008
3491 -10.0047
3492 -10.0016
3493 -9.9984
3494 -9.99527
3495 -9.99216
3496 -9.98909
3497 -9.98604
3498 -9.98301
3499 -9.98002
3500 -9.97705
3501 -9.97411
3502 -9.97119
3503 -9.9683
3504 -9.96544
3505 -9.96261
3506 -9.9598
3507 -9.95702
3508 -9.95427
3509 -9.95154
3510 -9.94884
3511 -9.94617
3512 -9.94352
3513 -9.9409
3514 -9.93831
3515 -9.93574
3516 -9.9332
3517 -9.93069
3518 -9.9282
3519 -9.92574
3520 -9.92331
3521 -9.9209
3522 -9.91852
3523 -9.91617
3524 -9.91384
3525 -9.91154
3526 -9.90926
3527 -9.90701
3528 -9.90479
3529 -9.90259
3530 -9.90042
3531 -9.89828
3532 -9.89616
3533 -9.89407
3534 -9.892
3535 -9.88996
3536 -9.88795
3537 -9.88596
3538 -9.884
3539 -9.88206
3540 -9.88015
3541 -9.87827
3542 -9.87641
3543 -9.87458
3544 -9.87278
3545 -9.871
3546 -9.86924
3547 -9.86751
3548 -9.86581
3549 -9.86414
3550 -9.86249
3551 -9.86086
3552 -9.85926
3553 -9.85769
3554 -9.85614
3555 -9.85462
3556 -9.85313
3557 -9.85166
3558 -9.85021
3559 -9.84879
3560 -9.8474
3561 -9.84603
3562 -9.84469
3563 -9.84337
3564 -9.84208
3565 -9.84082
3566 -9.83958
3567 -9.83837
3568 -9.83718
3569 -9.83602
3570 -9.83488
3571 -9.83377
3572 -9.83268
3573 -9.83162
3574 -9.83059
3575 -9.82958
3576 -9.82859
3577 -9.82763
3578 -9.8267
3579 -9.82579
3580 -9.82491
3581 -9.82405
3582 -9.82322
3583 -9.82242
3584 -9.82163
3585 -9.82088
3586 -9.82015
3587 -9.81945
3588 -9.81877
3589 -9.81811
3590 -9.81748
3591 -9.81688
3592 -9.8163
3593 -9.81575
3594 -9.81522
3595 -9.81472
3596 -9.81424
3597 -9.81379
3598 -9.81337
3599 -9.81297
3600 -9.81259
3601 -9.81224
3602 -9.81192
3603 -9.81162
3604 -9.81134
3605 -9.81109
3606 -9.81087
3607 -9.81067
3608 -9.8105
3609 -9.81035
3610 -9.81023
3611 -9.81013
3612 -9.81006
3613 -9.81001
3614 -9.80999
3615 -9.80998
3616 -9.80996
3617 -9.8099
3618 -9.80982
3619 -9.80972
3620 -9.80959
3621 -9.80943
3622 -9.80925
3623 -9.80905
3624 -9.80881
3625 -9.80856
3626 -9.80828
3627 -9.80797
3628 -9.80764
3629 -9.80728
3630 -9.8069
3631 -9.80649
3632 -9.80606
3633 -9.8056
3634 -9.80512
3635 -9.80461
3636 -9.80407
3637 -9.80351
3638 -9.80293
3639 -9.80232
3640 -9.80169
3641 -9.80103
3642 -9.80034
3643 -9.79963
3644 -9.79889
3645 -9.79813
3646 -9.79735
3647 -9.79654
3648 -9.7957
3649 -9.79484
3650 -9.79395
3651 -9.79304
3652 -9.79211
3653 -9.79115
3654 -9.79016
3655 -9.78915
3656 -9.78811
3657 -9.78705
3658 -9.78596
3659 -9.78485
3660 -9.78371
3661 -9.78255
3662 -9.78137
3663 -9.78015
3664 -9.77892
3665 -9.77766
3666 -9.77637
3667 -9.77506
3668 -9.77372
3669 -9.77236
3670 -9.77098
3671 -9.76956
3672 -9.76813
3673 -9.76667
3674 -9.76518
3675 -9.76367
3676 -9.76214
3677 -9.76058
3678 -9.75899
3679 -9.75738
3680 -9.75575
3681 -9.75409
3682 -9.75241
3683 -9.7507
3684 -9.74897
3685 -9.74721
3686 -9.74543
3687 -9.74362
3688 -9.74179
3689 -9.73993
3690 -9.73805
3691 -9.73615
3692 -9.73422
3693 -9.73226
3694 -9.73029
3695 -9.72828
3696 -9.72626
3697 -9.7242
3698 -9.72213
3699 -9.72003
3700 -9.7179
3701 -9.71575
3702 -9.71358
3703 -9.71138
3704 -9.70916
3705 -9.70691
3706 -9.70464
3707 -9.70235
3708 -9.70003
3709 -9.69769
3710 -9.69532
3711 -9.69293
3712 -9.69051
3713 -9.68808
3714 -9.68561
3715 -9.68312
3716 -9.68061
3717 -9.67808
3718 -9.67552
3719 -9.67294
3720 -9.67033
3721 -9.6677
3722 -9.66504
3723 -9.66237
3724 -9.65966
3725 -9.65694
3726 -9.65419
3727 -9.65141
3728 -9.64862
3729 -9.6458
3730 -9.64295
3731 -9.64008
3732 -9.63719
3733 -9.63428
3734 -9.63134
3735 -9.62838
3736 -9.62539
3737 -9.62238
3738 -9.61935
3739 -9.6163
3740 -9.61322
3741 -9.61012
3742 -9.60699
3743 -9.60384
3744 -9.60067
3745 -9.59748
3746 -9.59426
3747 -9.59102
3748 -9.58775
3749 -9.58447
3750 -9.58116
3751 -9.57782
3752 -9.57447
3753 -9.57109
3754 -9.56769
3755 -9.56426
3756 -9.56082
3757 -9.55735
3758 -9.55385
3759 -9.55034
3760 -9.5468
3761 -9.54324
3762 -9.53966
3763 -9.53605
3764 -9.53242
3765 -9.52877
3766 -9.5251
3767 -9.5214
3768 -9.51768
3769 -9.51394
3770 -9.51018
3771 -9.5064
3772 -9.50259
3773 -9.49876
3774 -9.49491
3775 -9.49104
3776 -9.48714
3777 -9.48322
3778 -9.47928
3779 -9.47532
3780 -9.47134
3781 -9.46733
3782 -9.4633
3783 -9.45926
3784 -9.45518
3785 -9.45109
3786 -9.44698
3787 -9.44284
3788 -9.43868
3789 -9.43451
3790 -9.43031
3791 -9.42608
3792 -9.42184
3793 -9.41758
3794 -9.41329
3795 -9.40898
3796 -9.40465
3797 -9.4003
3798 -9.39593
3799 -9.39154
3800 -9.38713
3801 -9.38269
3802 -9.37824
3803 -9.37376
3804 -9.36926
3805 -9.36474
3806 -9.3602
3807 -9.35564
3808 -9.35106
3809 -9.34646
3810 -9.34184
3811 -9.3372
3812 -9.33253
3813 -9.32785
3814 -9.32315
3815 -9.31842
3816 -9.31368
3817 -9.30891
3818 -9.30412
3819 -9.29932
3820 -9.29449
3821 -9.28964
3822 -9.28478
3823 -9.27989
3824 -9.27498
3825 -9.27006
3826 -9.26511
3827 -9.26014
3828 -9.25516
3829 -9.25015
3830 -9.24513
3831 -9.24008
3832 -9.23501
3833 -9.22993
3834 -9.22482
3835 -9.2197
3836 -9.21456
3837 -9.20939
3838 -9.20421
3839 -9.19901
3840 -9.19379
3841 -9.18855
3842 -9.18329
3843 -9.17801
3844 -9.17271
3845 -9.1674
3846 -9.16206
3847 -9.15671
3848 -9.15133
3849 -9.14594
3850 -9.14053
3851 -9.1351
3852 -9.12965
3853 -9.12418
3854 -9.1187
3855 -9.11319
3856 -9.10767
3857 -9.10213
3858 -9.09657
3859 -9.09099
3860 -9.08539
3861 -9.07978
3862 -9.07415
3863 -9.0685
3864 -9.06283
3865 -9.05714
3866 -9.05144
3867 -9.04571
3868 -9.03997
3869 -9.03421
3870 -9.02844
3871 -9.02264
3872 -9.01683
3873 -9.011
3874 -9.00516
3875 -8.99929
3876 -8.99341
3877 -8.98751
3878 -8.9816
3879 -8.97566
3880 -8.96971
3881 -8.96374
3882 -8.95776
3883 -8.95176
3884 -8.94574
3885 -8.9397
3886 -8.93365
3887 -8.92758
3888 -8.92149
3889 -8.91539
3890 -8.90927
3891 -8.90313
3892 -8.89698
3893 -8.89081
3894 -8.88462
3895 -8.87842
3896 -8.8722
3897 -8.86596
3898 -8.85971
3899 -8.85344
3900 -8.84716
3901 -8.84086
3902 -8.83454
3903 -8.82821
3904 -8.82186
3905 -8.81549
3906 -8.80911
3907 -8.80272
3908 -8.79631
3909 -8.78988
3910 -8.78344
3911 -8.77698
3912 -8.77051
3913 -8.76402
3914 -8.75751
3915 -8.75099
3916 -8.74446
3917 -8.73791
3918 -10.8886
3919 -10.8805
3920 -10.8723
3921 -10.8642
3922 -10.8561
3923 -10.8481
3924 -10.8401
3925 -10.8322
3926 -10.8242
3927 -10.8164
3928 -10.8085
3929 -10.8007
3930 -10.7929
3931 -10.7852
3932 -10.7775
3933 -10.7698
3934 -10.7622
3935 -10.7546
3936 -10.747
3937 -10.7395
3938 -10.732
3939 -10.7246
3940 -10.7172
3941 -10.7098
3942 -10.7024
3943 -10.6951
3944 -10.6879
3945 -10.6806
3946 -10.6734
3947 -10.6662
3948 -10.6591
3949 -10.652
3950 -10.6449
3951 -10.6379
3952 -10.6309
3953 -10.6239
3954 -10.617
3955 -10.6101
3956 -10.6032
3957 -10.5964
3958 -10.5896
3959 -10.5829
3960 -10.5761
3961 -10.5694
3962 -10.5628
3963 -10.5562
3964 -10.5496
3965 -10.543
3966 -10.5365
3967 -10.53
3968 -10.5235
3969 -10.5171
3970 -10.5107
3971 -10.5044
3972 -10.498
3973 -10.4917
3974 -10.4855
3975 -10.4792
3976 -10.473
3977 -10.4669
3978 -10.4607
3979 -10.4546
3980 -10.4486
3981 -10.4425
3982 -10.4365
3983 -10.4306
3984 -10.4246
3985 -10.4187
3986 -10.4128
3987 -10.407
3988 -10.4012
3989 -10.3954
3990 -10.3897
3991 -10.3839
3992 -10.3783
3993 -10.3726
3994 -10.367
3995 -10.3614
3996 -10.3558
3997 -10.3503
3998 -10.3448
3999 -10.3393
4000 -10.3339
4001 -10.3285
4002 -10.3231
4003 -10.3178
4004 -10.3125
4005 -10.3072
4006 -10.3019
4007 -10.2967
4008 -10.2915
4009 -10.2863
4010 -10.2812
4011 -10.2761
4012 -10.271
4013 -10.266
4014 -10.261
4015 -10.256
4016 -10.2511
4017 -10.2462
4018 -10.2413
4019 -10.2364
4020 -10.2316
4021 -10.2268
4022 -10.222
4023 -10.2173
4024 -10.2126
4025 -10.2079
4026 -10.2032
4027 -10.1986
4028 -10.194
4029 -10.1894
4030 -10.1849
4031 -10.1804
4032 -10.1759
4033 -10.1715
4034 -10.1671
4035 -10.1627
4036 -10.1583
4037 -10.154
4038 -10.1497
4039 -10.1454
4040 -10.1412
4041 -10.137
4042 -10.1328
4043 -10.1286
4044 -10.1245
4045 -10.1204
4046 -10.1163
4047 -10.1123
4048 -10.1082
4049 -10.1043
4050 -10.1003
4051 -10.0964
4052 -10.0925
4053 -10.0886
4054 -10.0848
4055 -10.0809
4056 -10.0771
4057 -10.0734
4058 -10.0697
4059 -10.0659
4060 -10.0623
4061 -10.0586
4062 -10.055
4063 -10.0514
4064 -10.0478
4065 -10.0443
4066 -10.0408
4067 -10.0373
4068 -10.0339
4069 -10.0304
4070 -10.027
4071 -10.0237
4072 -10.0203
4073 -10.017
4074 -10.0137
4075 -10.0105
4076 -10.0072
4077 -10.004
4078 -10.0008
4079 -9.99768
4080 -9.99455
4081 -9.99146
4082 -9.98839
4083 -9.98534
4084 -9.98233
4085 -9.97934
4086 -9.97637
4087 -9.97344
4088 -9.97053
4089 -9.96765
4090 -9.96479
4091 -9.96197
4092 -9.95917
4093 -9.95639
4094 -9.95364
4095 -9.95092
4096 -9.94823
4097 -9.94556
4098 -9.94292
4099 -9.94031
4100 -9.93772
4101 -9.93516
4102 -9.93263
4103 -9.93012
4104 -9.92764
4105 -9.92518
4106 -9.92276
4107 -9.92036
4108 -9.91798
4109 -9.91563
4110 -9.91331
4111 -9.91101
4112 -9.90874
4113 -9.9065
4114 -9.90428
4115 -9.90209
4116 -9.89993
4117 -9.89779
4118 -9.89568
4119 -9.89359
4120 -9.89153
4121 -9.8895
4122 -9.88749
4123 -9.88551
4124 -9.88355
4125 -9.88162
4126 -9.87972
4127 -9.87784
4128 -9.87599
4129 -9.87417
4130 -9.87237
4131 -9.87059
4132 -9.86884
4133 -9.86712
4134 -9.86543
4135 -9.86376
4136 -9.86211
4137 -9.86049
4138 -9.8589
4139 -9.85733
4140 -9.85579
4141 -9.85428
4142 -9.85279
4143 -9.85132
4144 -9.84988
4145 -9.84847
4146 -9.84708
4147 -9.84572
4148 -9.84439
4149 -9.84308
4150 -9.84179
4151 -9.84053
4152 -9.8393
4153 -9.83809
4154 -9.83691
4155 -9.83575
4156 -9.83462
4157 -9.83352
4158 -9.83244
4159 -9.83138
4160 -9.83035
4161 -9.82935
4162 -9.82837
4163 -9.82742
4164 -9.82649
4165 -9.82559
4166 -9.82471
4167 -9.82386
4168 -9.82304
4169 -9.82223
4170 -9.82146
4171 -9.82071
4172 -9.81999
4173 -9.81929
4174 -9.81861
4175 -9.81797
4176 -9.81734
4177 -9.81675
4178 -9.81617
4179 -9.81563
4180 -9.81511
4181 -9.81461
4182 -9.81414
4183 -9.81369
4184 -9.81327
4185 -9.81288
4186 -9.81251
4187 -9.81217
4188 -9.81185
4189 -9.81155
4190 -9.81128
4191 -9.81104
4192 -9.81082
4193 -9.81063
4194 -9.81046
4195 -9.81032
4196 -9.8102
4197 -9.81011
4198 -9.81005
4199 -9.81001
4200 -9.80999
4201 -9.80998
4202 -9.80995
4203 -9.80989
4204 -9.8098
4205 -9.80969
4206 -9.80955
4207 -9.80939
4208 -9.80921
4209 -9.80899
4210 -9.80876
4211 -9.8085
4212 -9.80821
4213 -9.8079
4214 -9.80756
4215 -9.80719
4216 -9.80681
4217 -9.80639
4218 -9.80595
4219 -9.80549
4220 -9.805
4221 -9.80449
4222 -9.80395
4223 -9.80338
4224 -9.80279
4225 -9.80218
4226 -9.80154
4227 -9.80087
4228 -9.80018
4229 -9.79946
4230 -9.79872
4231 -9.79796
4232 -9.79717
4233 -9.79635
4234 -9.79551
4235 -9.79464
4236 -9.79375
4237 -9.79283
4238 -9.79189
4239 -9.79092
4240 -9.78993
4241 -9.78891
4242 -9.78787
4243 -9.7868
4244 -9.78571
4245 -9.78459
4246 -9.78345
4247 -9.78228
4248 -9.78109
4249 -9.77987
4250 -9.77863
4251 -9.77736
4252 -9.77607
4253 -9.77476
4254 -9.77341
4255 -9.77205
4256 -9.77066
4257 -9.76924
4258 -9.7678
4259 -9.76633
4260 -9.76484
4261 -9.76332
4262 -9.76178
4263 -9.76022
4264 -9.75863
4265 -9.75701
4266 -9.75537
4267 -9.75371
4268 -9.75202
4269 -9.75031
4270 -9.74857
4271 -9.7468
4272 -9.74502
4273 -9.7432
4274 -9.74137
4275 -9.73951
4276 -9.73762
4277 -9.73571
4278 -9.73377
4279 -9.73181
4280 -9.72983
4281 -9.72782
4282 -9.72579
4283 -9.72373
4284 -9.72165
4285 -9.71954
4286 -9.71741
4287 -9.71526
4288 -9.71308
4289 -9.71088
4290 -9.70865
4291 -9.7064
4292 -9.70412
4293 -9.70182
4294 -9.6995
4295 -9.69715
4296 -9.69478
4297 -9.69238
4298 -9.68996
4299 -9.68751
4300 -9.68505
4301 -9.68255
4302 -9.68004
4303 -9.6775
4304 -9.67493
4305 -9.67234
4306 -9.66973
4307 -9.66709
4308 -9.66443
4309 -9.66175
4310 -9.65904
4311 -9.65631
4312 -9.65356
4313 -9.65078
4314 -9.64797
4315 -9.64515
4316 -9.6423
4317 -9.63943
4318 -9.63653
4319 -9.63361
4320 -9.63066
4321 -9.6277
4322 -9.62471
4323 -9.62169
4324 -9.61866
4325 -9.6156
4326 -9.61251
4327 -9.6094
4328 -9.60627
4329 -9.60312
4330 -9.59994
4331 -9.59674
4332 -9.59352
4333 -9.59027
4334 -9.587
4335 -9.58371
4336 -9.5804
4337 -9.57706
4338 -9.5737
4339 -9.57031
4340 -9.56691
4341 -9.56348
4342 -9.56002
4343 -9.55655
4344 -9.55305
4345 -9.54953
4346 -9.54599
4347 -9.54242
4348 -9.53883
4349 -9.53522
4350 -9.53159
4351 -9.52793
4352 -9.52425
4353 -9.52055
4354 -9.51683
4355 -9.51309
4356 -9.50932
4357 -9.50553
4358 -9.50172
4359 -9.49788
4360 -9.49402
4361 -9.49015
4362 -9.48625
4363 -9.48232
4364 -9.47838
4365 -9.47441
4366 -9.47042
4367 -9.46641
4368 -9.46238
4369 -9.45833
4370 -9.45425
4371 -9.45015
4372 -9.44603
4373 -9.44189
4374 -9.43773
4375 -9.43355
4376 -9.42934
4377 -9.42511
4378 -9.42087
4379 -9.4166
4380 -9.41231
4381 -9.40799
4382 -9.40366
4383 -9.3993
4384 -9.39493
4385 -9.39053
4386 -9.38611
4387 -9.38167
4388 -9.37721
4389 -9.37273
4390 -9.36823
4391 -9.36371
4392 -9.35916
4393 -9.3546
4394 -9.35001
4395 -9.34541
4396 -9.34078
4397 -9.33613
4398 -9.33146
4399 -9.32678
4400 -9.32207
4401 -9.31734
4402 -9.31259
4403 -9.30782
4404 -9.30303
4405 -9.29822
4406 -9.29339
4407 -9.28853
4408 -9.28366
4409 -9.27877
4410 -9.27386
4411 -9.26893
4412 -9.26398
4413 -9.25901
4414 -9.25401
4415 -9.249
4416 -9.24397
4417 -9.23892
4418 -9.23385
4419 -9.22876
4420 -9.22365
4421 -9.21853
4422 -9.21338
4423 -9.20821
4424 -9.20302
4425 -9.19782
4426 -9.19259
4427 -9.18735
4428 -9.18208
4429 -9.1768
4430 -9.1715
4431 -9.16618
4432 -9.16084
4433 -9.15548
4434 -9.1501
4435 -9.1447
4436 -9.13929
4437 -9.13385
4438 -9.1284
4439 -9.12293
4440 -9.11744
4441 -9.11193
4442 -9.1064
4443 -9.10086
4444 -9.0953
4445 -9.08971
4446 -9.08411
4447 -9.07849
4448 -9.07286
4449 -9.0672
4450 -9.06153
4451 -9.05584
4452 -9.05013
4453 -9.0444
4454 -9.03866
4455 -9.0329
4456 -9.02712
4457 -9.02132
4458 -9.0155
4459 -9.00967
4460 -9.00382
4461 -8.99795
4462 -8.99206
4463 -8.98616
4464 -8.98024
4465 -8.9743
4466 -8.96835
4467 -8.96238
4468 -8.95639
4469 -8.95038
4470 -8.94436
4471 -8.93832
4472 -8.93226
4473 -8.92619
4474 -8.9201
4475 -8.91399
4476 -8.90786
4477 -8.90172
4478 -8.89557
4479 -8.88939
4480 -8.8832
4481 -8.877
4482 -8.87077
4483 -8.86453
4484 -8.85828
4485 -8.85201
4486 -8.84572
4487 -8.83941
4488 -10.7869
4489 -10.7792
4490 -10.7715
4491 -10.7639
4492 -10.7563
4493 -10.7487
4494 -10.7412
4495 -10.7337
4496 -10.7262
4497 -10.7188
4498 -10.7114
4499 -10.704
4500 -10.6967
4501 -10.6894
4502 -10.6822
4503 -10.675
4504 -10.6678
4505 -10.6607
4506 -10.6536
4507 -10.6465
4508 -10.6394
4509 -10.6324
4510 -10.6255
4511 -10.6185
4512 -10.6116
4513 -10.6047
4514 -10.5979
4515 -10.5911
4516 -10.5843
4517 -10.5776
4518 -10.5709
4519 -10.5642
4520 -10.5576
4521 -10.551
4522 -10.5444
4523 -10.5379
4524 -10.5314
4525 -10.5249
4526 -10.5185
4527 -10.5121
4528 -10.5057
4529 -10.4994
4530 -10.4931
4531 -10.4868
4532 -10.4806
4533 -10.4744
4534 -10.4682
4535 -10.4621
4536 -10.456
4537 -10.4499
4538 -10.4439
4539 -10.4378
4540 -10.4319
4541 -10.4259
4542 -10.42
4543 -10.4141
4544 -10.4083
4545 -10.4025
4546 -10.3967
4547 -10.3909
4548 -10.3852
4549 -10.3795
4550 -10.3738
4551 -10.3682
4552 -10.3626
4553 -10.357
4554 -10.3515
4555 -10.346
4556 -10.3405
4557 -10.3351
4558 -10.3297
4559 -10.3243
4560 -10.3189
4561 -10.3136
4562 -10.3083
4563 -10.3031
4564 -10.2978
4565 -10.2926
4566 -10.2875
4567 -10.2823
4568 -10.2772
4569 -10.2722
4570 -10.2671
4571 -10.2621
4572 -10.2571
4573 -10.2522
4574 -10.2472
4575 -10.2423
4576 -10.2375
4577 -10.2326
4578 -10.2278
4579 -10.223
4580 -10.2183
4581 -10.2136
4582 -10.2089
4583 -10.2042
4584 -10.1996
4585 -10.195
4586 -10.1904
4587 -10.1859
4588 -10.1814
4589 -10.1769
4590 -10.1725
4591 -10.168
4592 -10.1636
4593 -10.1593
4594 -10.1549
4595 -10.1506
4596 -10.1463
4597 -10.1421
4598 -10.1379
4599 -10.1337
4600 -10.1295
4601 -10.1254
4602 -10.1213
4603 -10.1172
4604 -10.1131
4605 -10.1091
4606 -10.1051
4607 -10.1012
4608 -10.0972
4609 -10.0933
4610 -10.0894
4611 -10.0856
4612 -10.0818
4613 -10.078
4614 -10.0742
4615 -10.0705
4616 -10.0668
4617 -10.0631
4618 -10.0594
4619 -10.0558
4620 -10.0522
4621 -10.0486
4622 -10.0451
4623 -10.0416
4624 -10.0381
4625 -10.0346
4626 -10.0312
4627 -10.0278
4628 -10.0244
4629 -10.0211
4630 -10.0177
4631 -10.0144
4632 -10.0112
4633 -10.0079
4634 -10.0047
4635 -10.0015
4636 -9.99837
4637 -9.99524
4638 -9.99213
4639 -9.98906
4640 -9.98601
4641 -9.98298
4642 -9.97999
4643 -9.97702
4644 -9.97408
4645 -9.97116
4646 -9.96828
4647 -9.96542
4648 -9.96258
4649 -9.95978
4650 -9.957
4651 -9.95424
4652 -9.95152
4653 -9.94882
4654 -9.94614
4655 -9.9435
4656 -9.94088
4657 -9.93829
4658 -9.93572
4659 -9.93318
4660 -9.93067
4661 -9.92818
4662 -9.92572
4663 -9.92329
4664 -9.92088
4665 -9.9185
4666 -9.91614
4667 -9.91382
4668 -9.91151
4669 -9.90924
4670 -9.90699
4671 -9.90477
4672 -9.90257
4673 -9.9004
4674 -9.89826
4675 -9.89614
4676 -9.89405
4677 -9.89198
4678 -9.88994
4679 -9.88793
4680 -9.88594
4681 -9.88398
4682 -9.88204
4683 -9.88013
4684 -9.87825
4685 -9.87639
4686 -9.87456
4687 -9.87276
4688 -9.87098
4689 -9.86922
4690 -9.8675
4691 -9.8658
4692 -9.86412
4693 -9.86247
4694 -9.86085
4695 -9.85925
4696 -9.85767
4697 -9.85613
4698 -9.85461
4699 -9.85311
4700 -9.85164
4701 -9.8502
4702 -9.84878
4703 -9.84739
4704 -9.84602
4705 -9.84468
4706 -9.84336
4707 -9.84207
4708 -9.84081
4709 -9.83957
4710 -9.83835
4711 -9.83717
4712 -9.836
4713 -9.83487
4714 -9.83376
4715 -9.83267
4716 -9.83161
4717 -9.83058
4718 -9.82957
4719 -9.82858
4720 -9.82762
4721 -9.82669
4722 -9.82578
4723 -9.8249
4724 -9.82404
4725 -9.82321
4726 -9.82241
4727 -9.82163
4728 -9.82087
4729 -9.82014
4730 -9.81944
4731 -9.81876
4732 -9.81811
4733 -9.81748
4734 -9.81687
4735 -9.8163
4736 -9.81575
4737 -9.81522
4738 -9.81472
4739 -9.81424
4740 -9.81379
4741 -9.81336
4742 -9.81296
4743 -9.81259
4744 -9.81224
4745 -9.81191
4746 -9.81161
4747 -9.81134
4748 -9.81109
4749 -9.81087
4750 -9.81067
4751 -9.8105
4752 -9.81035
4753 -9.81023
4754 -9.81013
4755 -9.81006
4756 -9.81001
4757 -9.80999
4758 -9.80998
4759 -9.80996
4760 -9.8099
4761 -9.80982
4762 -9.80972
4763 -9.80959
4764 -9.80943
4765 -9.80925
4766 -9.80904
4767 -9.80881
4768 -9.80856
4769 -9.80827
4770 -9.80797
4771 -9.80763
4772 -9.80728
4773 -9.80689
4774 -9.80649
4775 -9.80605
4776 -9.80559
4777 -9.80511
4778 -9.8046
4779 -9.80407
4780 -9.80351
4781 -9.80292
4782 -9.80231
4783 -9.80168
4784 -9.80102
4785 -9.80033
4786 -9.79962
4787 -9.79889
4788 -9.79813
4789 -9.79734
4790 -9.79653
4791 -9.79569
4792 -9.79483
4793 -9.79395
4794 -9.79303
4795 -9.7921
4796 -9.79114
4797 -9.79015
4798 -9.78914
4799 -9.7881
4800 -9.78704
4801 -9.78595
4802 -9.78484
4803 -9.7837
4804 -9.78254
4805 -9.78135
4806 -9.78014
4807 -9.77891
4808 -9.77764
4809 -9.77636
4810 -9.77505
4811 -9.77371
4812 -9.77235
4813 -9.77096
4814 -9.76955
4815 -9.76811
4816 -9.76665
4817 -9.76517
4818 -9.76366
4819 -9.76212
4820 -9.76056
4821 -9.75898
4822 -9.75737
4823 -9.75573
4824 -9.75407
4825 -9.75239
4826 -9.75068
4827 -9.74895
4828 -9.74719
4829 -9.74541
4830 -9.7436
4831 -9.74177
4832 -9.73992
4833 -9.73803
4834 -9.73613
4835 -9.7342
4836 -9.73225
4837 -9.73027
4838 -9.72826
4839 -9.72624
4840 -9.72418
4841 -9.72211
4842 -9.72001
4843 -9.71788
4844 -9.71573
4845 -9.71356
4846 -9.71136
4847 -9.70914
4848 -9.70689
4849 -9.70462
4850 -9.70233
4851 -9.70001
4852 -9.69767
4853 -9.6953
4854 -9.69291
4855 -9.69049
4856 -9.68805
4857 -9.68559
4858 -9.6831
4859 -9.68059
4860 -9.67805
4861 -9.67549
4862 -9.67291
4863 -9.6703
4864 -9.66767
4865 -9.66502
4866 -9.66234
4867 -9.65964
4868 -9.65691
4869 -9.65416
4870 -9.65139
4871 -9.64859
4872 -9.64577
4873 -9.64292
4874 -9.64006
4875 -9.63716
4876 -9.63425
4877 -9.63131
4878 -9.62835
4879 -9.62536
4880 -9.62235
4881 -9.61932
4882 -9.61627
4883 -9.61319
4884 -9.61009
4885 -9.60696
4886 -9.60381
4887 -9.60064
4888 -9.59745
4889 -9.59423
4890 -9.59099
4891 -9.58772
4892 -9.58443
4893 -9.58112
4894 -9.57779
4895 -9.57444
4896 -9.57106
4897 -9.56765
4898 -9.56423
4899 -9.56078
4900 -9.55731
4901 -9.55382
4902 -9.5503
4903 -9.54677
4904 -9.5432
4905 -9.53962
4906 -9.53601
4907 -9.53239
4908 -9.52874
4909 -9.52506
4910 -9.52137
4911 -9.51765
4912 -9.51391
4913 -9.51014
4914 -9.50636
4915 -9.50255
4916 -9.49872
4917 -9.49487
4918 -9.491
4919 -9.4871
4920 -9.48318
4921 -9.47924
4922 -9.47528
4923 -9.4713
4924 -9.46729
4925 -9.46327
4926 -9.45922
4927 -9.45514
4928 -9.45105
4929 -9.44694
4930 -9.4428
4931 -9.43864
4932 -9.43446
4933 -9.43026
4934 -9.42604
4935 -9.4218
4936 -9.41753
4937 -9.41325
4938 -9.40894
4939 -9.40461
4940 -9.40026
4941 -9.39589
4942 -9.3915
4943 -9.38708
4944 -9.38265
4945 -9.37819
4946 -9.37372
4947 -9.36922
4948 -9.3647
4949 -9.36016
4950 -9.3556
4951 -9.35102
4952 -9.34642
4953 -9.34179
4954 -9.33715
4955 -9.33249
4956 -9.3278
4957 -9.3231
4958 -9.31837
4959 -9.31363
4960 -9.30886
4961 -9.30408
4962 -9.29927
4963 -9.29444
4964 -9.2896
4965 -9.28473
4966 -9.27984
4967 -9.27494
4968 -9.27001
4969 -9.26506
4970 -9.2601
4971 -9.25511
4972 -9.2501
4973 -9.24508
4974 -9.24003
4975 -9.23496
4976 -9.22988
4977 -9.22477
4978 -9.21965
4979 -9.21451
4980 -9.20934
4981 -9.20416
4982 -9.19896
4983 -9.19374
4984 -9.1885
4985 -9.18324
4986 -9.17796
4987 -9.17266
4988 -9.16734
4989 -9.16201
4990 -9.15665
4991 -9.15128
4992 -9.14589
4993 -9.14048
4994 -9.13505
4995 -9.1296
4996 -9.12413
4997 -9.11864
4998 -9.11314
4999 -9.10762
5000 -9.10207
