1 1.99948
2 1.99895
3 1.99843
4 1.9979
5 1.99738
6 1.99685
7 1.99633
8 1.99581
9 1.99528
10 1.99476
11 1.99424
12 1.99372
13 1.9932
14 1.99268
15 1.99215
16 1.99163
17 1.99111
18 1.99059
19 1.99007
20 1.98955
21 1.98903
22 1.98851
23 1.98799
24 1.98748
25 1.98696
26 1.98644
27 1.98592
28 1.9854
29 1.98489
30 1.98437
31 1.98385
32 1.98334
33 1.98282
34 1.9823
35 1.98179
36 1.98127
37 1.98076
38 1.98024
39 1.97973
40 1.97921
41 1.9787
42 1.97819
43 1.97767
44 1.97716
45 1.97665
46 1.97613
47 1.97562
48 1.97511
49 1.9746
50 1.97408
51 1.97357
52 1.97306
53 1.97255
54 1.97204
55 1.97153
56 1.97102
57 1.97051
58 1.97
59 1.96949
60 1.96898
61 1.96847
62 1.96796
63 1.96746
64 1.96695
65 1.96644
66 1.96593
67 1.96542
68 1.96492
69 1.96441
70 1.9639
71 1.9634
72 1.96289
73 1.96239
74 1.96188
75 1.96138
76 1.96087
77 1.96037
78 1.95986
79 1.95936
80 1.95885
81 1.95835
82 1.95785
83 1.95734
84 1.95684
85 1.95634
86 1.95584
87 1.95533
88 1.95483
89 1.95433
90 1.95383
91 1.95333
92 1.95283
93 1.95233
94 1.95183
95 1.95133
96 1.95083
97 1.95033
98 1.94983
99 1.94933
100 1.94883
101 1.94833
102 1.94783
103 1.94734
104 1.94684
105 1.94634
106 1.94584
107 1.94535
108 1.94485
109 1.94435
110 1.94386
111 1.94336
112 1.94287
113 1.94237
114 1.94187
115 1.94138
116 1.94089
117 1.94039
118 1.9399
119 1.9394
120 1.93891
121 1.93842
122 1.93792
123 1.93743
124 1.93694
125 1.93644
126 1.93595
127 1.93546
128 1.93497
129 1.93448
130 1.93399
131 1.9335
132 1.933
133 1.93251
134 1.93202
135 1.93153
136 1.93104
137 1.93056
138 1.93007
139 1.92958
140 1.92909
141 1.9286
142 1.92811
143 1.92762
144 1.92714
145 1.92665
146 1.92616
147 1.92567
148 1.92519
149 1.9247
150 1.92422
151 1.92373
152 1.92324
153 1.92276
154 1.92227
155 1.92179
156 1.9213
157 1.92082
158 1.92033
159 1.91985
160 1.91937
161 1.91888
162 1.9184
163 1.91792
164 1.91743
165 1.91695
166 1.91647
167 1.91599
168 1.91551
169 1.91502
170 1.91454
171 1.91406
172 1.91358
173 1.9131
174 1.91262
175 1.91214
176 1.91166
177 1.91118
178 1.9107
179 1.91022
180 1.90974
181 1.90926
182 1.90879
183 1.90831
184 1.90783
185 1.90735
186 1.90687
187 1.9064
188 1.90592
189 1.90544
190 1.90497
191 1.90449
192 1.90401
193 1.90354
194 1.90306
195 1.90259
196 1.90211
197 1.90164
198 1.90116
199 1.90069
200 1.90021
201 1.89974
202 1.89927
203 1.89879
204 1.89832
205 1.89785
206 1.89737
207 1.8969
208 1.89643
209 1.89596
210 1.89549
211 1.89501
212 1.89454
213 1.89407
214 1.8936
215 1.89313
216 1.89266
217 1.89219
218 1.89172
219 1.89125
220 1.89078
221 1.89031
222 1.88984
223 1.88937
224 1.88891
225 1.88844
226 1.88797
227 1.8875
228 1.88703
229 1.88657
230 1.8861
231 1.88563
232 1.88517
233 1.8847
234 1.88423
235 1.88377
236 1.8833
237 1.88284
238 1.88237
239 1.88191
240 1.88144
241 1.88098
242 1.88051
243 1.88005
244 1.87958
245 1.87912
246 1.87866
247 1.87819
248 1.87773
249 1.87727
250 1.8768
251 1.87634
252 1.87588
253 1.87542
254 1.87496
255 1.8745
256 1.87403
257 1.87357
258 1.87311
259 1.87265
260 1.87219
261 1.87173
262 1.87127
263 1.87081
264 1.87035
265 1.86989
266 1.86943
267 1.86898
268 1.86852
269 1.86806
270 1.8676
271 1.86714
272 1.86669
273 1.86623
274 1.86577
275 1.86531
276 1.86486
277 1.8644
278 1.86395
279 1.86349
280 1.86303
281 1.86258
282 1.86212
283 1.86167
284 1.86121
285 1.86076
286 1.8603
287 1.85985
288 1.8594
289 1.85894
290 1.85849
291 1.85803
292 1.85758
293 1.85713
294 1.85668
295 1.85622
296 1.85577
297 1.85532
298 1.85487
299 1.85442
300 1.85396
301 1.85351
302 1.85306
303 1.85261
304 1.85216
305 1.85171
306 1.85126
307 1.85081
308 1.85036
309 1.84991
310 1.84946
311 1.84901
312 1.84857
313 1.84812
314 1.84767
315 1.84722
316 1.84677
317 1.84633
318 1.84588
319 1.84543
320 1.84498
321 1.84454
322 1.84409
323 1.84364
324 1.8432
325 1.84275
326 1.84231
327 1.84186
328 1.84142
329 1.84097
330 1.84053
331 1.84008
332 1.83964
333 1.83919
334 1.83875
335 1.83831
336 1.83786
337 1.83742
338 1.83698
339 1.83653
340 1.83609
341 1.83565
342 1.8352
343 1.83476
344 1.83432
345 1.83388
346 1.83344
347 1.833
348 1.83256
349 1.83211
350 1.83167
351 1.83123
352 1.83079
353 1.83035
354 1.82991
355 1.82947
356 1.82904
357 1.8286
358 1.82816
359 1.82772
360 1.82728
361 1.82684
362 1.8264
363 1.82597
364 1.82553
365 1.82509
366 1.82465
367 1.82422
368 1.82378
369 1.82334
370 1.82291
371 1.82247
372 1.82204
373 1.8216
374 1.82116
375 1.82073
376 1.82029
377 1.81986
378 1.81942
379 1.81899
380 1.81856
381 1.81812
382 1.81769
383 1.81725
384 1.81682
385 1.81639
386 1.81595
387 1.81552
388 1.81509
389 1.81466
390 1.81422
391 1.81379
392 1.81336
393 1.81293
394 1.8125
395 1.81207
396 1.81164
397 1.8112
398 1.81077
399 1.81034
400 1.80991
401 1.80948
402 1.80905
403 1.80862
404 1.8082
405 1.80777
406 1.80734
407 1.80691
408 1.80648
409 1.80605
410 1.80562
411 1.8052
412 1.80477
413 1.80434
414 1.80391
415 1.80349
416 1.80306
417 1.80263
418 1.80221
419 1.80178
420 1.80135
421 1.80093
422 1.8005
423 1.80008
424 1.79965
425 1.79923
426 1.7988
427 1.79838
428 1.79795
429 1.79753
430 1.7971
431 1.79668
432 1.79626
433 1.79583
434 1.79541
435 1.79499
436 1.79456
437 1.79414
438 1.79372
439 1.7933
440 1.79287
441 1.79245
442 1.79203
443 1.79161
444 1.79119
445 1.79077
446 1.79035
447 1.78992
448 1.7895
449 1.78908
450 1.78866
451 1.78824
452 1.78782
453 1.7874
454 1.78699
455 1.78657
456 1.78615
457 1.78573
458 1.78531
459 1.78489
460 1.78447
461 1.78406
462 1.78364
463 1.78322
464 1.7828
465 1.78239
466 1.78197
467 1.78155
468 1.78114
469 1.78072
470 1.7803
471 1.77989
472 1.77947
473 1.77906
474 1.77864
475 1.77823
476 1.77781
477 1.7774
478 1.77698
479 1.77657
480 1.77615
481 1.77574
482 1.77532
483 1.77491
484 1.7745
485 1.77408
486 1.77367
487 1.77326
488 1.77284
489 1.77243
490 1.77202
491 1.77161
492 1.7712
493 1.77078
494 1.77037
495 1.76996
496 1.76955
497 1.76914
498 1.76873
499 1.76832
500 1.76791
501 1.7675
502 1.76709
503 1.76668
504 1.76627
505 1.76586
506 1.76545
507 1.76504
508 1.76463
509 1.76422
510 1.76381
511 1.76341
512 1.763
513 1.76259
514 1.76218
515 1.76177
516 1.76137
517 1.76096
518 1.76055
519 1.76015
520 1.75974
521 1.75933
522 1.75893
523 1.75852
524 1.75811
525 1.75771
526 1.7573
527 1.7569
528 1.75649
529 1.75609
530 1.75568
531 1.75528
532 1.75487
533 1.75447
534 1.75407
535 1.75366
536 1.75326
537 1.75286
538 1.75245
539 1.75205
540 1.75165
541 1.75124
542 1.75084
543 1.75044
544 1.75004
545 1.74963
546 1.74923
547 1.74883
548 1.74843
549 1.74803
550 1.74763
551 1.74723
552 1.74683
553 1.74643
554 1.74602
555 1.74562
556 1.74522
557 1.74482
558 1.74443
559 1.74403
560 1.74363
561 1.74323
562 1.74283
563 1.74243
564 1.74203
565 1.74163
566 1.74124
567 1.74084
568 1.74044
569 1.74004
570 1.73964
571 1.73925
572 1.73885
573 1.73845
574 1.73806
575 1.73766
576 1.73726
577 1.73687
578 1.73647
579 1.73608
580 1.73568
581 1.73529
582 1.73489
583 1.7345
584 1.7341
585 1.73371
586 1.73331
587 1.73292
588 1.73252
589 1.73213
590 1.73173
591 1.73134
592 1.73095
593 1.73055
594 1.73016
595 1.72977
596 1.72938
597 1.72898
598 1.72859
599 1.7282
600 1.72781
601 1.72742
602 1.72702
603 1.72663
604 1.72624
605 1.72585
606 1.72546
607 1.72507
608 1.72468
609 1.72429
610 1.7239
611 1.72351
612 1.72312
613 1.72273
614 1.72234
615 1.72195
616 1.72156
617 1.72117
618 1.72078
619 1.72039
620 1.72
621 1.71962
622 1.71923
623 1.71884
624 1.71845
625 1.71806
626 1.71768
627 1.71729
628 1.7169
629 1.71652
630 1.71613
631 1.71574
632 1.71536
633 1.71497
634 1.71458
635 1.7142
636 1.71381
637 1.71343
638 1.71304
639 1.71266
640 1.71227
641 1.71189
642 1.7115
643 1.71112
644 1.71073
645 1.71035
646 1.70997
647 1.70958
648 1.7092
649 1.70881
650 1.70843
651 1.70805
652 1.70767
653 1.70728
654 1.7069
655 1.70652
656 1.70614
657 1.70575
658 1.70537
659 1.70499
660 1.70461
661 1.70423
662 1.70385
663 1.70346
664 1.70308
665 1.7027
666 1.70232
667 1.70194
668 1.70156
669 1.70118
670 1.7008
671 1.70042
672 1.70004
673 1.69966
674 1.69928
675 1.69891
676 1.69853
677 1.69815
678 1.69777
679 1.69739
680 1.69701
681 1.69664
682 1.69626
683 1.69588
684 1.6955
685 1.69512
686 1.69475
687 1.69437
688 1.69399
689 1.69362
690 1.69324
691 1.69286
692 1.69249
693 1.69211
694 1.69174
695 1.69136
696 1.69099
697 1.69061
698 1.69024
699 1.68986
700 1.68949
701 1.68911
702 1.68874
703 1.68836
704 1.68799
705 1.68761
706 1.68724
707 1.68687
708 1.68649
709 1.68612
710 1.68575
711 1.68537
712 1.685
713 1.68463
714 1.68426
715 1.68388
716 1.68351
717 1.68314
718 1.68277
719 1.6824
720 1.68202
721 1.68165
722 1.68128
723 1.68091
724 1.68054
725 1.68017
726 1.6798
727 1.67943
728 1.67906
729 1.67869
730 1.67832
731 1.67795
732 1.67758
733 1.67721
734 1.67684
735 1.67647
736 1.6761
737 1.67573
738 1.67537
739 1.675
740 1.67463
741 1.67426
742 1.67389
743 1.67352
744 1.67316
745 1.67279
746 1.67242
747 1.67206
748 1.67169
749 1.67132
750 1.67096
751 1.67059
752 1.67022
753 1.66986
754 1.66949
755 1.66912
756 1.66876
757 1.66839
758 1.66803
759 1.66766
760 1.6673
761 1.66693
762 1.66657
763 1.6662
764 1.66584
765 1.66548
766 1.66511
767 1.66475
768 1.66438
769 1.66402
770 1.66366
771 1.66329
772 1.66293
773 1.66257
774 1.6622
775 1.66184
776 1.66148
777 1.66112
778 1.66075
779 1.66039
780 1.66003
781 1.65967
782 1.65931
783 1.65895
784 1.65859
785 1.65822
786 1.65786
787 1.6575
788 1.65714
789 1.65678
790 1.65642
791 1.65606
792 1.6557
793 1.65534
794 1.65498
795 1.65462
796 1.65426
797 1.6539
798 1.65354
799 1.65319
800 1.65283
801 1.65247
802 1.65211
803 1.65175
804 1.65139
805 1.65104
806 1.65068
807 1.65032
808 1.64996
809 1.64961
810 1.64925
811 1.64889
812 1.64853
813 1.64818
814 1.64782
815 1.64747
816 1.64711
817 1.64675
818 1.6464
819 1.64604
820 1.64569
821 1.64533
822 1.64497
823 1.64462
824 1.64426
825 1.64391
826 1.64356
827 1.6432
828 1.64285
829 1.64249
830 1.64214
831 1.64178
832 1.64143
833 1.64108
834 1.64072
835 1.64037
836 1.64002
837 1.63966
838 1.63931
839 1.63896
840 1.63861
841 1.63825
842 1.6379
843 1.63755
844 1.6372
845 1.63685
846 1.63649
847 1.63614
848 1.63579
849 1.63544
850 1.63509
851 1.63474
852 1.63439
853 1.63404
854 1.63369
855 1.63334
856 1.63299
857 1.63264
858 1.63229
859 1.63194
860 1.63159
861 1.63124
862 1.63089
863 1.63054
864 1.63019
865 1.62984
866 1.62949
867 1.62914
868 1.6288
869 1.62845
870 1.6281
871 1.62775
872 1.6274
873 1.62706
874 1.62671
875 1.62636
876 1.62601
877 1.62567
878 1.62532
879 1.62497
880 1.62463
881 1.62428
882 1.62393
883 1.62359
884 1.62324
885 1.6229
886 1.62255
887 1.6222
888 1.62186
889 1.62151
890 1.62117
891 1.62082
892 1.62048
893 1.62013
894 1.61979
895 1.61945
896 1.6191
897 1.61876
898 1.61841
899 1.61807
900 1.61773
901 1.61738
902 1.61704
903 1.6167
904 1.61635
905 1.61601
906 1.61567
907 1.61532
908 1.61498
909 1.61464
910 1.6143
911 1.61396
912 1.61361
913 1.61327
914 1.61293
915 1.61259
916 1.61225
917 1.61191
918 1.61157
919 1.61122
920 1.61088
921 1.61054
922 1.6102
923 1.60986
924 1.60952
925 1.60918
926 1.60884
927 1.6085
928 1.60816
929 1.60782
930 1.60748
931 1.60715
932 1.60681
933 1.60647
934 1.60613
935 1.60579
936 1.60545
937 1.60511
938 1.60478
939 1.60444
940 1.6041
941 1.60376
942 1.60342
943 1.60309
944 1.60275
945 1.60241
946 1.60208
947 1.60174
948 1.6014
949 1.60107
950 1.60073
951 1.60039
952 1.60006
953 1.59972
954 1.59938
955 1.59905
956 1.59871
957 1.59838
958 1.59804
959 1.59771
960 1.59737
961 1.59704
962 1.5967
963 1.59637
964 1.59603
965 1.5957
966 1.59536
967 1.59503
968 1.5947
969 1.59436
970 1.59403
971 1.5937
972 1.59336
973 1.59303
974 1.5927
975 1.59236
976 1.59203
977 1.5917
978 1.59137
979 1.59103
980 1.5907
981 1.59037
982 1.59004
983 1.5897
984 1.58937
985 1.58904
986 1.58871
987 1.58838
988 1.58805
989 1.58772
990 1.58739
991 1.58706
992 1.58672
993 1.58639
994 1.58606
995 1.58573
996 1.5854
997 1.58507
998 1.58474
999 1.58441
1000 1.58409
1001 1.58376
1002 1.58343
1003 1.5831
1004 1.58277
1005 1.58244
1006 1.58211
1007 1.58178
1008 1.58145
1009 1.58113
1010 1.5808
1011 1.58047
1012 1.58014
1013 1.57981
1014 1.57949
1015 1.57916
1016 1.57883
1017 1.5785
1018 1.57818
1019 1.57785
1020 1.57752
1021 1.5772
1022 1.57687
1023 1.57654
1024 1.57622
1025 1.57589
1026 1.57557
1027 1.57524
1028 1.57491
1029 1.57459
1030 1.57426
1031 1.57394
1032 1.57361
1033 1.57329
1034 1.57296
1035 1.57264
1036 1.57231
1037 1.57199
1038 1.57167
1039 1.57134
1040 1.57102
1041 1.57069
1042 1.57037
1043 1.57005
1044 1.56972
1045 1.5694
1046 1.56908
1047 1.56875
1048 1.56843
1049 1.56811
1050 1.56778
1051 1.56746
1052 1.56714
1053 1.56682
1054 1.56649
1055 1.56617
1056 1.56585
1057 1.56553
1058 1.56521
1059 1.56489
1060 1.56456
1061 1.56424
1062 1.56392
1063 1.5636
1064 1.56328
1065 1.56296
1066 1.56264
1067 1.56232
1068 1.562
1069 1.56168
1070 1.56136
1071 1.56104
1072 1.56072
1073 1.5604
1074 1.56008
1075 1.55976
1076 1.55944
1077 1.55912
1078 1.5588
1079 1.55848
1080 1.55816
1081 1.55784
1082 1.55753
1083 1.55721
1084 1.55689
1085 1.55657
1086 1.55625
1087 1.55594
1088 1.55562
1089 1.5553
1090 1.55498
1091 1.55467
1092 1.55435
1093 1.55403
1094 1.55371
1095 1.5534
1096 1.55308
1097 1.55276
1098 1.55245
1099 1.55213
1100 1.55181
1101 1.5515
1102 1.55118
1103 1.55087
1104 1.55055
1105 1.55024
1106 1.54992
1107 1.54961
1108 1.54929
1109 1.54897
1110 1.54866
1111 1.54835
1112 1.54803
1113 1.54772
1114 1.5474
1115 1.54709
1116 1.54677
1117 1.54646
1118 1.54615
1119 1.54583
1120 1.54552
1121 1.5452
1122 1.54489
1123 1.54458
1124 1.54426
1125 1.54395
1126 1.54364
1127 1.54333
1128 1.54301
1129 1.5427
1130 1.54239
1131 1.54208
1132 1.54176
1133 1.54145
1134 1.54114
1135 1.54083
1136 1.54052
1137 1.54021
1138 1.53989
1139 1.53958
1140 1.53927
1141 1.53896
1142 1.53865
1143 1.53834
1144 1.53803
1145 1.53772
1146 1.53741
1147 1.5371
1148 1.53679
1149 1.53648
1150 1.53617
1151 1.53586
1152 1.53555
1153 1.53524
1154 1.53493
1155 1.53462
1156 1.53431
1157 1.534
1158 1.53369
1159 1.53338
1160 1.53308
1161 1.53277
1162 1.53246
1163 1.53215
1164 1.53184
1165 1.53154
1166 1.53123
1167 1.53092
1168 1.53061
1169 1.5303
1170 1.53
1171 1.52969
1172 1.52938
1173 1.52908
1174 1.52877
1175 1.52846
1176 1.52816
1177 1.52785
1178 1.52754
1179 1.52724
1180 1.52693
1181 1.52662
1182 1.52632
1183 1.52601
1184 1.52571
1185 1.5254
1186 1.5251
1187 1.52479
1188 1.52449
1189 1.52418
1190 1.52388
1191 1.52357
1192 1.52327
1193 1.52296
1194 1.52266
1195 1.52235
1196 1.52205
1197 1.52174
1198 1.52144
1199 1.52114
1200 1.52083
1201 1.52053
1202 1.52023
1203 1.51992
1204 1.51962
1205 1.51932
1206 1.51901
1207 1.51871
1208 1.51841
1209 1.51811
1210 1.5178
1211 1.5175
1212 1.5172
1213 1.5169
1214 1.51659
1215 1.51629
1216 1.51599
1217 1.51569
1218 1.51539
1219 1.51509
1220 1.51478
1221 1.51448
1222 1.51418
1223 1.51388
1224 1.51358
1225 1.51328
1226 1.51298
1227 1.51268
1228 1.51238
1229 1.51208
1230 1.51178
1231 1.51148
1232 1.51118
1233 1.51088
1234 1.51058
1235 1.51028
1236 1.50998
1237 1.50968
1238 1.50938
1239 1.50908
1240 1.50878
1241 1.50849
1242 1.50819
1243 1.50789
1244 1.50759
1245 1.50729
1246 1.50699
1247 1.5067
1248 1.5064
1249 1.5061
1250 1.5058
1251 1.5055
1252 1.50521
1253 1.50491
1254 1.50461
1255 1.50431
1256 1.50402
1257 1.50372
1258 1.50342
1259 1.50313
1260 1.50283
1261 1.50253
1262 1.50224
1263 1.50194
1264 1.50165
1265 1.50135
1266 1.50105
1267 1.50076
1268 1.50046
1269 1.50017
1270 1.49987
1271 1.49958
1272 1.49928
1273 1.49899
1274 1.49869
1275 1.4984
1276 1.4981
1277 1.49781
1278 1.49751
1279 1.49722
1280 1.49692
1281 1.49663
1282 1.49634
1283 1.49604
1284 1.49575
1285 1.49546
1286 1.49516
1287 1.49487
1288 1.49458
1289 1.49428
1290 1.49399
1291 1.4937
1292 1.4934
1293 1.49311
1294 1.49282
1295 1.49253
1296 1.49223
1297 1.49194
1298 1.49165
1299 1.49136
1300 1.49106
1301 1.49077
1302 1.49048
1303 1.49019
1304 1.4899
1305 1.48961
1306 1.48932
1307 1.48902
1308 1.48873
1309 1.48844
1310 1.48815
1311 1.48786
1312 1.48757
1313 1.48728
1314 1.48699
1315 1.4867
1316 1.48641
1317 1.48612
1318 1.48583
1319 1.48554
1320 1.48525
1321 1.48496
1322 1.48467
1323 1.48438
1324 1.48409
1325 1.4838
1326 1.48351
1327 1.48323
1328 1.48294
1329 1.48265
1330 1.48236
1331 1.48207
1332 1.48178
1333 1.4815
1334 1.48121
1335 1.48092
1336 1.48063
1337 1.48034
1338 1.48006
1339 1.47977
1340 1.47948
1341 1.47919
1342 1.47891
1343 1.47862
1344 1.47833
1345 1.47805
1346 1.47776
1347 1.47747
1348 1.47719
1349 1.4769
1350 1.47661
1351 1.47633
1352 1.47604
1353 1.47575
1354 1.47547
1355 1.47518
1356 1.4749
1357 1.47461
1358 1.47433
1359 1.47404
1360 1.47376
1361 1.47347
1362 1.47319
1363 1.4729
1364 1.47262
1365 1.47233
1366 1.47205
1367 1.47176
1368 1.47148
1369 1.47119
1370 1.47091
1371 1.47063
1372 1.47034
1373 1.47006
1374 1.46978
1375 1.46949
1376 1.46921
1377 1.46893
1378 1.46864
1379 1.46836
1380 1.46808
1381 1.46779
1382 1.46751
1383 1.46723
1384 1.46695
1385 1.46666
1386 1.46638
1387 1.4661
1388 1.46582
1389 1.46553
1390 1.46525
1391 1.46497
1392 1.46469
1393 1.46441
1394 1.46413
1395 1.46384
1396 1.46356
1397 1.46328
1398 1.463
1399 1.46272
1400 1.46244
1401 1.46216
1402 1.46188
1403 1.4616
1404 1.46132
1405 1.46104
1406 1.46076
1407 1.46048
1408 1.4602
1409 1.45992
1410 1.45964
1411 1.45936
1412 1.45908
1413 1.4588
1414 1.45852
1415 1.45824
1416 1.45796
1417 1.45768
1418 1.4574
1419 1.45712
1420 1.45685
1421 1.45657
1422 1.45629
1423 1.45601
1424 1.45573
1425 1.45545
1426 1.45518
1427 1.4549
1428 1.45462
1429 1.45434
1430 1.45406
1431 1.45379
1432 1.45351
1433 1.45323
1434 1.45296
1435 1.45268
1436 1.4524
1437 1.45212
1438 1.45185
1439 1.45157
1440 1.45129
1441 1.45102
1442 1.45074
1443 1.45047
1444 1.45019
1445 1.44991
1446 1.44964
1447 1.44936
1448 1.44909
1449 1.44881
1450 1.44853
1451 1.44826
1452 1.44798
1453 1.44771
1454 1.44743
1455 1.44716
1456 1.44688
1457 1.44661
1458 1.44633
1459 1.44606
1460 1.44579
1461 1.44551
1462 1.44524
1463 1.44496
1464 1.44469
1465 1.44441
1466 1.44414
1467 1.44387
1468 1.44359
1469 1.44332
1470 1.44305
1471 1.44277
1472 1.4425
1473 1.44223
1474 1.44195
1475 1.44168
1476 1.44141
1477 1.44114
1478 1.44086
1479 1.44059
1480 1.44032
1481 1.44005
1482 1.43977
1483 1.4395
1484 1.43923
1485 1.43896
1486 1.43869
1487 1.43841
1488 1.43814
1489 1.43787
1490 1.4376
1491 1.43733
1492 1.43706
1493 1.43679
1494 1.43652
1495 1.43624
1496 1.43597
1497 1.4357
1498 1.43543
1499 1.43516
1500 1.43489
1501 1.43462
1502 1.43435
1503 1.43408
1504 1.43381
1505 1.43354
1506 1.43327
1507 1.433
1508 1.43273
1509 1.43246
1510 1.43219
1511 1.43193
1512 1.43166
1513 1.43139
1514 1.43112
1515 1.43085
1516 1.43058
1517 1.43031
1518 1.43004
1519 1.42978
1520 1.42951
1521 1.42924
1522 1.42897
1523 1.4287
1524 1.42843
1525 1.42817
1526 1.4279
1527 1.42763
1528 1.42736
1529 1.4271
1530 1.42683
1531 1.42656
1532 1.42629
1533 1.42603
1534 1.42576
1535 1.42549
1536 1.42523
1537 1.42496
1538 1.42469
1539 1.42443
1540 1.42416
1541 1.4239
1542 1.42363
1543 1.42336
1544 1.4231
1545 1.42283
1546 1.42257
1547 1.4223
1548 1.42203
1549 1.42177
1550 1.4215
1551 1.42124
1552 1.42097
1553 1.42071
1554 1.42044
1555 1.42018
1556 1.41991
1557 1.41965
1558 1.41939
1559 1.41912
1560 1.41886
1561 1.41859
1562 1.41833
1563 1.41806
1564 1.4178
1565 1.41754
1566 1.41727
1567 1.41701
1568 1.41675
1569 1.41648
1570 1.41622
1571 1.41596
1572 1.41569
1573 1.41543
1574 1.41517
1575 1.4149
1576 1.41464
1577 1.41438
1578 1.41412
1579 1.41385
1580 1.41359
1581 1.41333
1582 1.41307
1583 1.4128
1584 1.41254
1585 1.41228
1586 1.41202
1587 1.41176
1588 1.4115
1589 1.41123
1590 1.41097
1591 1.41071
1592 1.41045
1593 1.41019
1594 1.40993
1595 1.40967
1596 1.40941
1597 1.40915
1598 1.40888
1599 1.40862
1600 1.40836
1601 1.4081
1602 1.40784
1603 1.40758
1604 1.40732
1605 1.40706
1606 1.4068
1607 1.40654
1608 1.40628
1609 1.40602
1610 1.40576
1611 1.40551
1612 1.40525
1613 1.40499
1614 1.40473
1615 1.40447
1616 1.40421
1617 1.40395
1618 1.40369
1619 1.40343
1620 1.40318
1621 1.40292
1622 1.40266
1623 1.4024
1624 1.40214
1625 1.40188
1626 1.40163
1627 1.40137
1628 1.40111
1629 1.40085
1630 1.4006
1631 1.40034
1632 1.40008
1633 1.39982
1634 1.39957
1635 1.39931
1636 1.39905
1637 1.3988
1638 1.39854
1639 1.39828
1640 1.39803
1641 1.39777
1642 1.39751
1643 1.39726
1644 1.397
1645 1.39674
1646 1.39649
1647 1.39623
1648 1.39598
1649 1.39572
1650 1.39546
1651 1.39521
1652 1.39495
1653 1.3947
1654 1.39444
1655 1.39419
1656 1.39393
1657 1.39368
1658 1.39342
1659 1.39317
1660 1.39291
1661 1.39266
1662 1.3924
1663 1.39215
1664 1.39189
1665 1.39164
1666 1.39139
1667 1.39113
1668 1.39088
1669 1.39062
1670 1.39037
1671 1.39012
1672 1.38986
1673 1.38961
1674 1.38936
1675 1.3891
1676 1.38885
1677 1.3886
1678 1.38834
1679 1.38809
1680 1.38784
1681 1.38758
1682 1.38733
1683 1.38708
1684 1.38683
1685 1.38657
1686 1.38632
1687 1.38607
1688 1.38582
1689 1.38557
1690 1.38531
1691 1.38506
1692 1.38481
1693 1.38456
1694 1.38431
1695 1.38405
1696 1.3838
1697 1.38355
1698 1.3833
1699 1.38305
1700 1.3828
1701 1.38255
1702 1.3823
1703 1.38205
1704 1.3818
1705 1.38154
1706 1.38129
1707 1.38104
1708 1.38079
1709 1.38054
1710 1.38029
1711 1.38004
1712 1.37979
1713 1.37954
1714 1.37929
1715 1.37904
1716 1.37879
1717 1.37854
1718 1.3783
1719 1.37805
1720 1.3778
1721 1.37755
1722 1.3773
1723 1.37705
1724 1.3768
1725 1.37655
1726 1.3763
1727 1.37605
1728 1.37581
1729 1.37556
1730 1.37531
1731 1.37506
1732 1.37481
1733 1.37456
1734 1.37432
1735 1.37407
1736 1.37382
1737 1.37357
1738 1.37333
1739 1.37308
1740 1.37283
1741 1.37258
1742 1.37234
1743 1.37209
1744 1.37184
1745 1.37159
1746 1.37135
1747 1.3711
1748 1.37085
1749 1.37061
1750 1.37036
1751 1.37011
1752 1.36987
1753 1.36962
1754 1.36938
1755 1.36913
1756 1.36888
1757 1.36864
1758 1.36839
1759 1.36815
1760 1.3679
1761 1.36765
1762 1.36741
1763 1.36716
1764 1.36692
1765 1.36667
1766 1.36643
1767 1.36618
1768 1.36594
1769 1.36569
1770 1.36545
1771 1.3652
1772 1.36496
1773 1.36471
1774 1.36447
1775 1.36423
1776 1.36398
1777 1.36374
1778 1.36349
1779 1.36325
1780 1.36301
1781 1.36276
1782 1.36252
1783 1.36227
1784 1.36203
1785 1.36179
1786 1.36154
1787 1.3613
1788 1.36106
1789 1.36081
1790 1.36057
1791 1.36033
1792 1.36009
1793 1.35984
1794 1.3596
1795 1.35936
1796 1.35911
1797 1.35887
1798 1.35863
1799 1.35839
1800 1.35815
1801 1.3579
1802 1.35766
1803 1.35742
1804 1.35718
1805 1.35694
1806 1.35669
1807 1.35645
1808 1.35621
1809 1.35597
1810 1.35573
1811 1.35549
1812 1.35525
1813 1.355
1814 1.35476
1815 1.35452
1816 1.35428
1817 1.35404
1818 1.3538
1819 1.35356
1820 1.35332
1821 1.35308
1822 1.35284
1823 1.3526
1824 1.35236
1825 1.35212
1826 1.35188
1827 1.35164
1828 1.3514
1829 1.35116
1830 1.35092
1831 1.35068
1832 1.35044
1833 1.3502
1834 1.34996
1835 1.34972
1836 1.34948
1837 1.34924
1838 1.34901
1839 1.34877
1840 1.34853
1841 1.34829
1842 1.34805
1843 1.34781
1844 1.34757
1845 1.34734
1846 1.3471
1847 1.34686
1848 1.34662
1849 1.34638
1850 1.34615
1851 1.34591
1852 1.34567
1853 1.34543
1854 1.34519
1855 1.34496
1856 1.34472
1857 1.34448
1858 1.34424
1859 1.34401
1860 1.34377
1861 1.34353
1862 1.3433
1863 1.34306
1864 1.34282
1865 1.34259
1866 1.34235
1867 1.34211
1868 1.34188
1869 1.34164
1870 1.3414
1871 1.34117
1872 1.34093
1873 1.3407
1874 1.34046
1875 1.34022
1876 1.33999
1877 1.33975
1878 1.33952
1879 1.33928
1880 1.33905
1881 1.33881
1882 1.33858
1883 1.33834
1884 1.33811
1885 1.33787
1886 1.33764
1887 1.3374
1888 1.33717
1889 1.33693
1890 1.3367
1891 1.33646
1892 1.33623
1893 1.33599
1894 1.33576
1895 1.33553
1896 1.33529
1897 1.33506
1898 1.33482
1899 1.33459
1900 1.33436
1901 1.33412
1902 1.33389
1903 1.33365
1904 1.33342
1905 1.33319
1906 1.33295
1907 1.33272
1908 1.33249
1909 1.33226
1910 1.33202
1911 1.33179
1912 1.33156
1913 1.33132
1914 1.33109
1915 1.33086
1916 1.33063
1917 1.33039
1918 1.33016
1919 1.32993
1920 1.3297
1921 1.32947
1922 1.32923
1923 1.329
1924 1.32877
1925 1.32854
1926 1.32831
1927 1.32807
1928 1.32784
1929 1.32761
1930 1.32738
1931 1.32715
1932 1.32692
1933 1.32669
1934 1.32646
1935 1.32622
1936 1.32599
1937 1.32576
1938 1.32553
1939 1.3253
1940 1.32507
1941 1.32484
1942 1.32461
1943 1.32438
1944 1.32415
1945 1.32392
1946 1.32369
1947 1.32346
1948 1.32323
1949 1.323
1950 1.32277
1951 1.32254
1952 1.32231
1953 1.32208
1954 1.32185
1955 1.32162
1956 1.32139
1957 1.32116
1958 1.32094
1959 1.32071
1960 1.32048
1961 1.32025
1962 1.32002
1963 1.31979
1964 1.31956
1965 1.31933
1966 1.31911
1967 1.31888
1968 1.31865
1969 1.31842
1970 1.31819
1971 1.31796
1972 1.31774
1973 1.31751
1974 1.31728
1975 1.31705
1976 1.31683
1977 1.3166
1978 1.31637
1979 1.31614
1980 1.31592
1981 1.31569
1982 1.31546
1983 1.31523
1984 1.31501
1985 1.31478
1986 1.31455
1987 1.31433
1988 1.3141
1989 1.31387
1990 1.31365
1991 1.31342
1992 1.31319
1993 1.31297
1994 1.31274
1995 1.31251
1996 1.31229
1997 1.31206
1998 1.31184
1999 1.31161
2000 1.31138
2001 1.31116
2002 1.31093
2003 1.31071
2004 1.31048
2005 1.31026
2006 1.31003
2007 1.30981
2008 1.30958
2009 1.30936
2010 1.30913
2011 1.30891
2012 1.30868
2013 1.30846
2014 1.30823
2015 1.30801
2016 1.30778
2017 1.30756
2018 1.30733
2019 1.30711
2020 1.30689
2021 1.30666
2022 1.30644
2023 1.30621
2024 1.30599
2025 1.30577
2026 1.30554
2027 1.30532
2028 1.30509
2029 1.30487
2030 1.30465
2031 1.30442
2032 1.3042
2033 1.30398
2034 1.30375
2035 1.30353
2036 1.30331
2037 1.30308
2038 1.30286
2039 1.30264
2040 1.30242
2041 1.30219
2042 1.30197
2043 1.30175
2044 1.30153
2045 1.3013
2046 1.30108
2047 1.30086
2048 1.30064
2049 1.30042
2050 1.30019
2051 1.29997
2052 1.29975
2053 1.29953
2054 1.29931
2055 1.29909
2056 1.29886
2057 1.29864
2058 1.29842
2059 1.2982
2060 1.29798
2061 1.29776
2062 1.29754
2063 1.29732
2064 1.29709
2065 1.29687
2066 1.29665
2067 1.29643
2068 1.29621
2069 1.29599
2070 1.29577
2071 1.29555
2072 1.29533
2073 1.29511
2074 1.29489
2075 1.29467
2076 1.29445
2077 1.29423
2078 1.29401
2079 1.29379
2080 1.29357
2081 1.29335
2082 1.29313
2083 1.29291
2084 1.29269
2085 1.29247
2086 1.29225
2087 1.29203
2088 1.29182
2089 1.2916
2090 1.29138
2091 1.29116
2092 1.29094
2093 1.29072
2094 1.2905
2095 1.29028
2096 1.29007
2097 1.28985
2098 1.28963
2099 1.28941
2100 1.28919
2101 1.28897
2102 1.28876
2103 1.28854
2104 1.28832
2105 1.2881
2106 1.28788
2107 1.28767
2108 1.28745
2109 1.28723
2110 1.28701
2111 1.2868
2112 1.28658
2113 1.28636
2114 1.28614
2115 1.28593
2116 1.28571
2117 1.28549
2118 1.28528
2119 1.28506
2120 1.28484
2121 1.28463
2122 1.28441
2123 1.28419
2124 1.28398
2125 1.28376
2126 1.28354
2127 1.28333
2128 1.28311
2129 1.2829
2130 1.28268
2131 1.28246
2132 1.28225
2133 1.28203
2134 1.28182
2135 1.2816
2136 1.28139
2137 1.28117
2138 1.28095
2139 1.28074
2140 1.28052
2141 1.28031
2142 1.28009
2143 1.27988
2144 1.27966
2145 1.27945
2146 1.27923
2147 1.27902
2148 1.2788
2149 1.27859
2150 1.27837
2151 1.27816
2152 1.27795
2153 1.27773
2154 1.27752
2155 1.2773
2156 1.27709
2157 1.27687
2158 1.27666
2159 1.27645
2160 1.27623
2161 1.27602
2162 1.27581
2163 1.27559
2164 1.27538
2165 1.27516
2166 1.27495
2167 1.27474
2168 1.27452
2169 1.27431
2170 1.2741
2171 1.27389
2172 1.27367
2173 1.27346
2174 1.27325
2175 1.27303
2176 1.27282
2177 1.27261
2178 1.2724
2179 1.27218
2180 1.27197
2181 1.27176
2182 1.27155
2183 1.27133
2184 1.27112
2185 1.27091
2186 1.2707
2187 1.27049
2188 1.27027
2189 1.27006
2190 1.26985
2191 1.26964
2192 1.26943
2193 1.26922
2194 1.269
2195 1.26879
2196 1.26858
2197 1.26837
2198 1.26816
2199 1.26795
2200 1.26774
2201 1.26753
2202 1.26732
2203 1.2671
2204 1.26689
2205 1.26668
2206 1.26647
2207 1.26626
2208 1.26605
2209 1.26584
2210 1.26563
2211 1.26542
2212 1.26521
2213 1.265
2214 1.26479
2215 1.26458
2216 1.26437
2217 1.26416
2218 1.26395
2219 1.26374
2220 1.26353
2221 1.26332
2222 1.26311
2223 1.2629
2224 1.26269
2225 1.26249
2226 1.26228
2227 1.26207
2228 1.26186
2229 1.26165
2230 1.26144
2231 1.26123
2232 1.26102
2233 1.26081
2234 1.2606
2235 1.2604
2236 1.26019
2237 1.25998
2238 1.25977
2239 1.25956
2240 1.25935
2241 1.25915
2242 1.25894
2243 1.25873
2244 1.25852
2245 1.25831
2246 1.25811
2247 1.2579
2248 1.25769
2249 1.25748
2250 1.25728
2251 1.25707
2252 1.25686
2253 1.25665
2254 1.25645
2255 1.25624
2256 1.25603
2257 1.25583
2258 1.25562
2259 1.25541
2260 1.2552
2261 1.255
2262 1.25479
2263 1.25458
2264 1.25438
2265 1.25417
2266 1.25396
2267 1.25376
2268 1.25355
2269 1.25335
2270 1.25314
2271 1.25293
2272 1.25273
2273 1.25252
2274 1.25232
2275 1.25211
2276 1.2519
2277 1.2517
2278 1.25149
2279 1.25129
2280 1.25108
2281 1.25088
2282 1.25067
2283 1.25047
2284 1.25026
2285 1.25005
2286 1.24985
2287 1.24964
2288 1.24944
2289 1.24924
2290 1.24903
2291 1.24883
2292 1.24862
2293 1.24842
2294 1.24821
2295 1.24801
2296 1.2478
2297 1.2476
2298 1.24739
2299 1.24719
2300 1.24699
2301 1.24678
2302 1.24658
2303 1.24637
2304 1.24617
2305 1.24597
2306 1.24576
2307 1.24556
2308 1.24535
2309 1.24515
2310 1.24495
2311 1.24474
2312 1.24454
2313 1.24434
2314 1.24413
2315 1.24393
2316 1.24373
2317 1.24353
2318 1.24332
2319 1.24312
2320 1.24292
2321 1.24271
2322 1.24251
2323 1.24231
2324 1.24211
2325 1.2419
2326 1.2417
2327 1.2415
2328 1.2413
2329 1.24109
2330 1.24089
2331 1.24069
2332 1.24049
2333 1.24029
2334 1.24008
2335 1.23988
2336 1.23968
2337 1.23948
2338 1.23928
2339 1.23908
2340 1.23887
2341 1.23867
2342 1.23847
2343 1.23827
2344 1.23807
2345 1.23787
2346 1.23767
2347 1.23747
2348 1.23726
2349 1.23706
2350 1.23686
2351 1.23666
2352 1.23646
2353 1.23626
2354 1.23606
2355 1.23586
2356 1.23566
2357 1.23546
2358 1.23526
2359 1.23506
2360 1.23486
2361 1.23466
2362 1.23446
2363 1.23426
2364 1.23406
2365 1.23386
2366 1.23366
2367 1.23346
2368 1.23326
2369 1.23306
2370 1.23286
2371 1.23266
2372 1.23246
2373 1.23226
2374 1.23206
2375 1.23186
2376 1.23166
2377 1.23146
2378 1.23126
2379 1.23107
2380 1.23087
2381 1.23067
2382 1.23047
2383 1.23027
2384 1.23007
2385 1.22987
2386 1.22967
2387 1.22948
2388 1.22928
2389 1.22908
2390 1.22888
2391 1.22868
2392 1.22849
2393 1.22829
2394 1.22809
2395 1.22789
2396 1.22769
2397 1.2275
2398 1.2273
2399 1.2271
2400 1.2269
2401 1.2267
2402 1.22651
2403 1.22631
2404 1.22611
2405 1.22592
2406 1.22572
2407 1.22552
2408 1.22532
2409 1.22513
2410 1.22493
2411 1.22473
2412 1.22454
2413 1.22434
2414 1.22414
2415 1.22395
2416 1.22375
2417 1.22355
2418 1.22336
2419 1.22316
2420 1.22296
2421 1.22277
2422 1.22257
2423 1.22237
2424 1.22218
2425 1.22198
2426 1.22179
2427 1.22159
2428 1.22139
2429 1.2212
2430 1.221
2431 1.22081
2432 1.22061
2433 1.22042
2434 1.22022
2435 1.22003
2436 1.21983
2437 1.21963
2438 1.21944
2439 1.21924
2440 1.21905
2441 1.21885
2442 1.21866
2443 1.21846
2444 1.21827
2445 1.21807
2446 1.21788
2447 1.21768
2448 1.21749
2449 1.2173
2450 1.2171
2451 1.21691
2452 1.21671
2453 1.21652
2454 1.21632
2455 1.21613
2456 1.21594
2457 1.21574
2458 1.21555
2459 1.21535
2460 1.21516
2461 1.21497
2462 1.21477
2463 1.21458
2464 1.21438
2465 1.21419
2466 1.214
2467 1.2138
2468 1.21361
2469 1.21342
2470 1.21322
2471 1.21303
2472 1.21284
2473 1.21265
2474 1.21245
2475 1.21226
2476 1.21207
2477 1.21187
2478 1.21168
2479 1.21149
2480 1.2113
2481 1.2111
2482 1.21091
2483 1.21072
2484 1.21053
2485 1.21033
2486 1.21014
2487 1.20995
2488 1.20976
2489 1.20956
2490 1.20937
2491 1.20918
2492 1.20899
2493 1.2088
2494 1.2086
2495 1.20841
2496 1.20822
2497 1.20803
2498 1.20784
2499 1.20765
2500 1.20746
2501 1.20726
2502 1.20707
2503 1.20688
2504 1.20669
2505 1.2065
2506 1.20631
2507 1.20612
2508 1.20593
2509 1.20574
2510 1.20554
2511 1.20535
2512 1.20516
2513 1.20497
2514 1.20478
2515 1.20459
2516 1.2044
2517 1.20421
2518 1.20402
2519 1.20383
2520 1.20364
2521 1.20345
2522 1.20326
2523 1.20307
2524 1.20288
2525 1.20269
2526 1.2025
2527 1.20231
2528 1.20212
2529 1.20193
2530 1.20174
2531 1.20155
2532 1.20136
2533 1.20117
2534 1.20098
2535 1.20079
2536 1.2006
2537 1.20042
2538 1.20023
2539 1.20004
2540 1.19985
2541 1.19966
2542 1.19947
2543 1.19928
2544 1.19909
2545 1.1989
2546 1.19872
2547 1.19853
2548 1.19834
2549 1.19815
2550 1.19796
2551 1.19777
2552 1.19758
2553 1.1974
2554 1.19721
2555 1.19702
2556 1.19683
2557 1.19664
2558 1.19646
2559 1.19627
2560 1.19608
2561 1.19589
2562 1.19571
2563 1.19552
2564 1.19533
2565 1.19514
2566 1.19496
2567 1.19477
2568 1.19458
2569 1.19439
2570 1.19421
2571 1.19402
2572 1.19383
2573 1.19364
2574 1.19346
2575 1.19327
2576 1.19308
2577 1.1929
2578 1.19271
2579 1.19252
2580 1.19234
2581 1.19215
2582 1.19196
2583 1.19178
2584 1.19159
2585 1.1914
2586 1.19122
2587 1.19103
2588 1.19085
2589 1.19066
2590 1.19047
2591 1.19029
2592 1.1901
2593 1.18992
2594 1.18973
2595 1.18954
2596 1.18936
2597 1.18917
2598 1.18899
2599 1.1888
2600 1.18862
2601 1.18843
2602 1.18825
2603 1.18806
2604 1.18787
2605 1.18769
2606 1.1875
2607 1.18732
2608 1.18713
2609 1.18695
2610 1.18676
2611 1.18658
2612 1.18639
2613 1.18621
2614 1.18603
2615 1.18584
2616 1.18566
2617 1.18547
2618 1.18529
2619 1.1851
2620 1.18492
2621 1.18473
2622 1.18455
2623 1.18437
2624 1.18418
2625 1.184
2626 1.18381
2627 1.18363
2628 1.18345
2629 1.18326
2630 1.18308
2631 1.18289
2632 1.18271
2633 1.18253
2634 1.18234
2635 1.18216
2636 1.18198
2637 1.18179
2638 1.18161
2639 1.18143
2640 1.18124
2641 1.18106
2642 1.18088
2643 1.18069
2644 1.18051
2645 1.18033
2646 1.18015
2647 1.17996
2648 1.17978
2649 1.1796
2650 1.17941
2651 1.17923
2652 1.17905
2653 1.17887
2654 1.17868
2655 1.1785
2656 1.17832
2657 1.17814
2658 1.17796
2659 1.17777
2660 1.17759
2661 1.17741
2662 1.17723
2663 1.17705
2664 1.17686
2665 1.17668
2666 1.1765
2667 1.17632
2668 1.17614
2669 1.17596
2670 1.17577
2671 1.17559
2672 1.17541
2673 1.17523
2674 1.17505
2675 1.17487
2676 1.17469
2677 1.17451
2678 1.17432
2679 1.17414
2680 1.17396
2681 1.17378
2682 1.1736
2683 1.17342
2684 1.17324
2685 1.17306
2686 1.17288
2687 1.1727
2688 1.17252
2689 1.17234
2690 1.17216
2691 1.17198
2692 1.1718
2693 1.17161
2694 1.17143
2695 1.17125
2696 1.17107
2697 1.17089
2698 1.17071
2699 1.17053
2700 1.17035
2701 1.17018
2702 1.17
2703 1.16982
2704 1.16964
2705 1.16946
2706 1.16928
2707 1.1691
2708 1.16892
2709 1.16874
2710 1.16856
2711 1.16838
2712 1.1682
2713 1.16802
2714 1.16784
2715 1.16766
2716 1.16749
2717 1.16731
2718 1.16713
2719 1.16695
2720 1.16677
2721 1.16659
2722 1.16641
2723 1.16623
2724 1.16606
2725 1.16588
2726 1.1657
2727 1.16552
2728 1.16534
2729 1.16516
2730 1.16499
2731 1.16481
2732 1.16463
2733 1.16445
2734 1.16427
2735 1.1641
2736 1.16392
2737 1.16374
2738 1.16356
2739 1.16338
2740 1.16321
2741 1.16303
2742 1.16285
2743 1.16267
2744 1.1625
2745 1.16232
2746 1.16214
2747 1.16196
2748 1.16179
2749 1.16161
2750 1.16143
2751 1.16126
2752 1.16108
2753 1.1609
2754 1.16073
2755 1.16055
2756 1.16037
2757 1.1602
2758 1.16002
2759 1.15984
2760 1.15967
2761 1.15949
2762 1.15931
2763 1.15914
2764 1.15896
2765 1.15878
2766 1.15861
2767 1.15843
2768 1.15825
2769 1.15808
2770 1.1579
2771 1.15773
2772 1.15755
2773 1.15737
2774 1.1572
2775 1.15702
2776 1.15685
2777 1.15667
2778 1.1565
2779 1.15632
2780 1.15615
2781 1.15597
2782 1.15579
2783 1.15562
2784 1.15544
2785 1.15527
2786 1.15509
2787 1.15492
2788 1.15474
2789 1.15457
2790 1.15439
2791 1.15422
2792 1.15404
2793 1.15387
2794 1.15369
2795 1.15352
2796 1.15334
2797 1.15317
2798 1.153
2799 1.15282
2800 1.15265
2801 1.15247
2802 1.1523
2803 1.15212
2804 1.15195
2805 1.15178
2806 1.1516
2807 1.15143
2808 1.15125
2809 1.15108
2810 1.15091
2811 1.15073
2812 1.15056
2813 1.15038
2814 1.15021
2815 1.15004
2816 1.14986
2817 1.14969
2818 1.14952
2819 1.14934
2820 1.14917
2821 1.149
2822 1.14882
2823 1.14865
2824 1.14848
2825 1.1483
2826 1.14813
2827 1.14796
2828 1.14778
2829 1.14761
2830 1.14744
2831 1.14727
2832 1.14709
2833 1.14692
2834 1.14675
2835 1.14657
2836 1.1464
2837 1.14623
2838 1.14606
2839 1.14588
2840 1.14571
2841 1.14554
2842 1.14537
2843 1.1452
2844 1.14502
2845 1.14485
2846 1.14468
2847 1.14451
2848 1.14434
2849 1.14416
2850 1.14399
2851 1.14382
2852 1.14365
2853 1.14348
2854 1.14331
2855 1.14313
2856 1.14296
2857 1.14279
2858 1.14262
2859 1.14245
2860 1.14228
2861 1.14211
2862 1.14193
2863 1.14176
2864 1.14159
2865 1.14142
2866 1.14125
2867 1.14108
2868 1.14091
2869 1.14074
2870 1.14057
2871 1.1404
2872 1.14023
2873 1.14005
2874 1.13988
2875 1.13971
2876 1.13954
2877 1.13937
2878 1.1392
2879 1.13903
2880 1.13886
2881 1.13869
2882 1.13852
2883 1.13835
2884 1.13818
2885 1.13801
2886 1.13784
2887 1.13767
2888 1.1375
2889 1.13733
2890 1.13716
2891 1.13699
2892 1.13682
2893 1.13665
2894 1.13648
2895 1.13631
2896 1.13614
2897 1.13597
2898 1.13581
2899 1.13564
2900 1.13547
2901 1.1353
2902 1.13513
2903 1.13496
2904 1.13479
2905 1.13462
2906 1.13445
2907 1.13428
2908 1.13411
2909 1.13395
2910 1.13378
2911 1.13361
2912 1.13344
2913 1.13327
2914 1.1331
2915 1.13293
2916 1.13277
2917 1.1326
2918 1.13243
2919 1.13226
2920 1.13209
2921 1.13192
2922 1.13176
2923 1.13159
2924 1.13142
2925 1.13125
2926 1.13108
2927 1.13092
2928 1.13075
2929 1.13058
2930 1.13041
2931 1.13024
2932 1.13008
2933 1.12991
2934 1.12974
2935 1.12957
2936 1.12941
2937 1.12924
2938 1.12907
2939 1.1289
2940 1.12874
2941 1.12857
2942 1.1284
2943 1.12824
2944 1.12807
2945 1.1279
2946 1.12773
2947 1.12757
2948 1.1274
2949 1.12723
2950 1.12707
2951 1.1269
2952 1.12673
2953 1.12657
2954 1.1264
2955 1.12623
2956 1.12607
2957 1.1259
2958 1.12573
2959 1.12557
2960 1.1254
2961 1.12524
2962 1.12507
2963 1.1249
2964 1.12474
2965 1.12457
2966 1.12441
2967 1.12424
2968 1.12407
2969 1.12391
2970 1.12374
2971 1.12358
2972 1.12341
2973 1.12324
2974 1.12308
2975 1.12291
2976 1.12275
2977 1.12258
2978 1.12242
2979 1.12225
2980 1.12209
2981 1.12192
2982 1.12176
2983 1.12159
2984 1.12143
2985 1.12126
2986 1.1211
2987 1.12093
2988 1.12077
2989 1.1206
2990 1.12044
2991 1.12027
2992 1.12011
2993 1.11994
2994 1.11978
2995 1.11961
2996 1.11945
2997 1.11928
2998 1.11912
2999 1.11896
3000 1.11879
3001 1.11863
3002 1.11846
3003 1.1183
3004 1.11813
3005 1.11797
3006 1.11781
3007 1.11764
3008 1.11748
3009 1.11731
3010 1.11715
3011 1.11699
3012 1.11682
3013 1.11666
3014 1.1165
3015 1.11633
3016 1.11617
3017 1.116
3018 1.11584
3019 1.11568
3020 1.11551
3021 1.11535
3022 1.11519
3023 1.11502
3024 1.11486
3025 1.1147
3026 1.11454
3027 1.11437
3028 1.11421
3029 1.11405
3030 1.11388
3031 1.11372
3032 1.11356
3033 1.11339
3034 1.11323
3035 1.11307
3036 1.11291
3037 1.11274
3038 1.11258
3039 1.11242
3040 1.11226
3041 1.11209
3042 1.11193
3043 1.11177
3044 1.11161
3045 1.11145
3046 1.11128
3047 1.11112
3048 1.11096
3049 1.1108
3050 1.11064
3051 1.11047
3052 1.11031
3053 1.11015
3054 1.10999
3055 1.10983
3056 1.10966
3057 1.1095
3058 1.10934
3059 1.10918
3060 1.10902
3061 1.10886
3062 1.1087
3063 1.10853
3064 1.10837
3065 1.10821
3066 1.10805
3067 1.10789
3068 1.10773
3069 1.10757
3070 1.10741
3071 1.10725
3072 1.10708
3073 1.10692
3074 1.10676
3075 1.1066
3076 1.10644
3077 1.10628
3078 1.10612
3079 1.10596
3080 1.1058
3081 1.10564
3082 1.10548
3083 1.10532
3084 1.10516
3085 1.105
3086 1.10484
3087 1.10468
3088 1.10452
3089 1.10436
3090 1.1042
3091 1.10404
3092 1.10388
3093 1.10372
3094 1.10356
3095 1.1034
3096 1.10324
3097 1.10308
3098 1.10292
3099 1.10276
3100 1.1026
3101 1.10244
3102 1.10228
3103 1.10212
3104 1.10196
3105 1.1018
3106 1.10164
3107 1.10148
3108 1.10132
3109 1.10116
3110 1.101
3111 1.10085
3112 1.10069
3113 1.10053
3114 1.10037
3115 1.10021
3116 1.10005
3117 1.09989
3118 1.09973
3119 1.09957
3120 1.09942
3121 1.09926
3122 1.0991
3123 1.09894
3124 1.09878
3125 1.09862
3126 1.09846
3127 1.09831
3128 1.09815
3129 1.09799
3130 1.09783
3131 1.09767
3132 1.09751
3133 1.09736
3134 1.0972
3135 1.09704
3136 1.09688
3137 1.09672
3138 1.09657
3139 1.09641
3140 1.09625
3141 1.09609
3142 1.09594
3143 1.09578
3144 1.09562
3145 1.09546
3146 1.09531
3147 1.09515
3148 1.09499
3149 1.09483
3150 1.09468
3151 1.09452
3152 1.09436
3153 1.0942
3154 1.09405
3155 1.09389
3156 1.09373
3157 1.09358
3158 1.09342
3159 1.09326
3160 1.09311
3161 1.09295
3162 1.09279
3163 1.09263
3164 1.09248
3165 1.09232
3166 1.09216
3167 1.09201
3168 1.09185
3169 1.0917
3170 1.09154
3171 1.09138
3172 1.09123
3173 1.09107
3174 1.09091
3175 1.09076
3176 1.0906
3177 1.09045
3178 1.09029
3179 1.09013
3180 1.08998
3181 1.08982
3182 1.08967
3183 1.08951
3184 1.08935
3185 1.0892
3186 1.08904
3187 1.08889
3188 1.08873
3189 1.08858
3190 1.08842
3191 1.08826
3192 1.08811
3193 1.08795
3194 1.0878
3195 1.08764
3196 1.08749
3197 1.08733
3198 1.08718
3199 1.08702
3200 1.08687
3201 1.08671
3202 1.08656
3203 1.0864
3204 1.08625
3205 1.08609
3206 1.08594
3207 1.08578
3208 1.08563
3209 1.08547
3210 1.08532
3211 1.08516
3212 1.08501
3213 1.08486
3214 1.0847
3215 1.08455
3216 1.08439
3217 1.08424
3218 1.08408
3219 1.08393
3220 1.08377
3221 1.08362
3222 1.08347
3223 1.08331
3224 1.08316
3225 1.083
3226 1.08285
3227 1.0827
3228 1.08254
3229 1.08239
3230 1.08224
3231 1.08208
3232 1.08193
3233 1.08177
3234 1.08162
3235 1.08147
3236 1.08131
3237 1.08116
3238 1.08101
3239 1.08085
3240 1.0807
3241 1.08055
3242 1.08039
3243 1.08024
3244 1.08009
3245 1.07993
3246 1.07978
3247 1.07963
3248 1.07947
3249 1.07932
3250 1.07917
3251 1.07902
3252 1.07886
3253 1.07871
3254 1.07856
3255 1.07841
3256 1.07825
3257 1.0781
3258 1.07795
3259 1.07779
3260 1.07764
3261 1.07749
3262 1.07734
3263 1.07719
3264 1.07703
3265 1.07688
3266 1.07673
3267 1.07658
3268 1.07642
3269 1.07627
3270 1.07612
3271 1.07597
3272 1.07582
3273 1.07566
3274 1.07551
3275 1.07536
3276 1.07521
3277 1.07506
3278 1.07491
3279 1.07475
3280 1.0746
3281 1.07445
3282 1.0743
3283 1.07415
3284 1.074
3285 1.07384
3286 1.07369
3287 1.07354
3288 1.07339
3289 1.07324
3290 1.07309
3291 1.07294
3292 1.07279
3293 1.07264
3294 1.07248
3295 1.07233
3296 1.07218
3297 1.07203
3298 1.07188
3299 1.07173
3300 1.07158
3301 1.07143
3302 1.07128
3303 1.07113
3304 1.07098
3305 1.07083
3306 1.07068
3307 1.07052
3308 1.07037
3309 1.07022
3310 1.07007
3311 1.06992
3312 1.06977
3313 1.06962
3314 1.06947
3315 1.06932
3316 1.06917
3317 1.06902
3318 1.06887
3319 1.06872
3320 1.06857
3321 1.06842
3322 1.06827
3323 1.06812
3324 1.06797
3325 1.06782
3326 1.06767
3327 1.06752
3328 1.06737
3329 1.06723
3330 1.06708
3331 1.06693
3332 1.06678
3333 1.06663
3334 1.06648
3335 1.06633
3336 1.06618
3337 1.06603
3338 1.06588
3339 1.06573
3340 1.06558
3341 1.06543
3342 1.06529
3343 1.06514
3344 1.06499
3345 1.06484
3346 1.06469
3347 1.06454
3348 1.06439
3349 1.06424
3350 1.06409
3351 1.06395
3352 1.0638
3353 1.06365
3354 1.0635
3355 1.06335
3356 1.0632
3357 1.06306
3358 1.06291
3359 1.06276
3360 1.06261
3361 1.06246
3362 1.06231
3363 1.06217
3364 1.06202
3365 1.06187
3366 1.06172
3367 1.06157
3368 1.06143
3369 1.06128
3370 1.06113
3371 1.06098
3372 1.06084
3373 1.06069
3374 1.06054
3375 1.06039
3376 1.06024
3377 1.0601
3378 1.05995
3379 1.0598
3380 1.05965
3381 1.05951
3382 1.05936
3383 1.05921
3384 1.05907
3385 1.05892
3386 1.05877
3387 1.05862
3388 1.05848
3389 1.05833
3390 1.05818
3391 1.05804
3392 1.05789
3393 1.05774
3394 1.0576
3395 1.05745
3396 1.0573
3397 1.05715
3398 1.05701
3399 1.05686
3400 1.05671
3401 1.05657
3402 1.05642
3403 1.05628
3404 1.05613
3405 1.05598
3406 1.05584
3407 1.05569
3408 1.05554
3409 1.0554
3410 1.05525
3411 1.0551
3412 1.05496
3413 1.05481
3414 1.05467
3415 1.05452
3416 1.05437
3417 1.05423
3418 1.05408
3419 1.05394
3420 1.05379
3421 1.05365
3422 1.0535
3423 1.05335
3424 1.05321
3425 1.05306
3426 1.05292
3427 1.05277
3428 1.05263
3429 1.05248
3430 1.05234
3431 1.05219
3432 1.05205
3433 1.0519
3434 1.05175
3435 1.05161
3436 1.05146
3437 1.05132
3438 1.05117
3439 1.05103
3440 1.05088
3441 1.05074
3442 1.05059
3443 1.05045
3444 1.0503
3445 1.05016
3446 1.05001
3447 1.04987
3448 1.04973
3449 1.04958
3450 1.04944
3451 1.04929
3452 1.04915
3453 1.049
3454 1.04886
3455 1.04871
3456 1.04857
3457 1.04843
3458 1.04828
3459 1.04814
3460 1.04799
3461 1.04785
3462 1.0477
3463 1.04756
3464 1.04742
3465 1.04727
3466 1.04713
3467 1.04698
3468 1.04684
3469 1.0467
3470 1.04655
3471 1.04641
3472 1.04627
3473 1.04612
3474 1.04598
3475 1.04583
3476 1.04569
3477 1.04555
3478 1.0454
3479 1.04526
3480 1.04512
3481 1.04497
3482 1.04483
3483 1.04469
3484 1.04454
3485 1.0444
3486 1.04426
3487 1.04411
3488 1.04397
3489 1.04383
3490 1.04369
3491 1.04354
3492 1.0434
3493 1.04326
3494 1.04311
3495 1.04297
3496 1.04283
3497 1.04269
3498 1.04254
3499 1.0424
3500 1.04226
3501 1.04211
3502 1.04197
3503 1.04183
3504 1.04169
3505 1.04155
3506 1.0414
3507 1.04126
3508 1.04112
3509 1.04098
3510 1.04083
3511 1.04069
3512 1.04055
3513 1.04041
3514 1.04027
3515 1.04012
3516 1.03998
3517 1.03984
3518 1.0397
3519 1.03956
3520 1.03941
3521 1.03927
3522 1.03913
3523 1.03899
3524 1.03885
3525 1.0387
3526 1.03856
3527 1.03842
3528 1.03828
3529 1.03814
3530 1.038
3531 1.03786
3532 1.03771
3533 1.03757
3534 1.03743
3535 1.03729
3536 1.03715
3537 1.03701
3538 1.03687
3539 1.03673
3540 1.03658
3541 1.03644
3542 1.0363
3543 1.03616
3544 1.03602
3545 1.03588
3546 1.03574
3547 1.0356
3548 1.03546
3549 1.03532
3550 1.03518
3551 1.03504
3552 1.03489
3553 1.03475
3554 1.03461
3555 1.03447
3556 1.03433
3557 1.03419
3558 1.03405
3559 1.03391
3560 1.03377
3561 1.03363
3562 1.03349
3563 1.03335
3564 1.03321
3565 1.03307
3566 1.03293
3567 1.03279
3568 1.03265
3569 1.03251
3570 1.03237
3571 1.03223
3572 1.03209
3573 1.03195
3574 1.03181
3575 1.03167
3576 1.03153
3577 1.03139
3578 1.03125
3579 1.03111
3580 1.03097
3581 1.03083
3582 1.03069
3583 1.03056
3584 1.03042
3585 1.03028
3586 1.03014
3587 1.03
3588 1.02986
3589 1.02972
3590 1.02958
3591 1.02944
3592 1.0293
3593 1.02916
3594 1.02902
3595 1.02888
3596 1.02875
3597 1.02861
3598 1.02847
3599 1.02833
3600 1.02819
3601 1.02805
3602 1.02791
3603 1.02777
3604 1.02764
3605 1.0275
3606 1.02736
3607 1.02722
3608 1.02708
3609 1.02694
3610 1.0268
3611 1.02667
3612 1.02653
3613 1.02639
3614 1.02625
3615 1.02611
3616 1.02597
3617 1.02584
3618 1.0257
3619 1.02556
3620 1.02542
3621 1.02528
3622 1.02515
3623 1.02501
3624 1.02487
3625 1.02473
3626 1.0246
3627 1.02446
3628 1.02432
3629 1.02418
3630 1.02404
3631 1.02391
3632 1.02377
3633 1.02363
3634 1.02349
3635 1.02336
3636 1.02322
3637 1.02308
3638 1.02294
3639 1.02281
3640 1.02267
3641 1.02253
3642 1.02239
3643 1.02226
3644 1.02212
3645 1.02198
3646 1.02185
3647 1.02171
3648 1.02157
3649 1.02144
3650 1.0213
3651 1.02116
3652 1.02102
3653 1.02089
3654 1.02075
3655 1.02061
3656 1.02048
3657 1.02034
3658 1.0202
3659 1.02007
3660 1.01993
3661 1.01979
3662 1.01966
3663 1.01952
3664 1.01939
3665 1.01925
3666 1.01911
3667 1.01898
3668 1.01884
3669 1.0187
3670 1.01857
3671 1.01843
3672 1.0183
3673 1.01816
3674 1.01802
3675 1.01789
3676 1.01775
3677 1.01762
3678 1.01748
3679 1.01734
3680 1.01721
3681 1.01707
3682 1.01694
3683 1.0168
3684 1.01666
3685 1.01653
3686 1.01639
3687 1.01626
3688 1.01612
3689 1.01599
3690 1.01585
3691 1.01572
3692 1.01558
3693 1.01544
3694 1.01531
3695 1.01517
3696 1.01504
3697 1.0149
3698 1.01477
3699 1.01463
3700 1.0145
3701 1.01436
3702 1.01423
3703 1.01409
3704 1.01396
3705 1.01382
3706 1.01369
3707 1.01355
3708 1.01342
3709 1.01328
3710 1.01315
3711 1.01301
3712 1.01288
3713 1.01274
3714 1.01261
3715 1.01248
3716 1.01234
3717 1.01221
3718 1.01207
3719 1.01194
3720 1.0118
3721 1.01167
3722 1.01153
3723 1.0114
3724 1.01127
3725 1.01113
3726 1.011
3727 1.01086
3728 1.01073
3729 1.0106
3730 1.01046
3731 1.01033
3732 1.01019
3733 1.01006
3734 1.00993
3735 1.00979
3736 1.00966
3737 1.00952
3738 1.00939
3739 1.00926
3740 1.00912
3741 1.00899
3742 1.00886
3743 1.00872
3744 1.00859
3745 1.00845
3746 1.00832
3747 1.00819
3748 1.00805
3749 1.00792
3750 1.00779
3751 1.00765
3752 1.00752
3753 1.00739
3754 1.00725
3755 1.00712
3756 1.00699
3757 1.00686
3758 1.00672
3759 1.00659
3760 1.00646
3761 1.00632
3762 1.00619
3763 1.00606
3764 1.00592
3765 1.00579
3766 1.00566
3767 1.00553
3768 1.00539
3769 1.00526
3770 1.00513
3771 1.005
3772 1.00486
3773 1.00473
3774 1.0046
3775 1.00447
3776 1.00433
3777 1.0042
3778 1.00407
3779 1.00394
3780 1.0038
3781 1.00367
3782 1.00354
3783 1.00341
3784 1.00328
3785 1.00314
3786 1.00301
3787 1.00288
3788 1.00275
3789 1.00262
3790 1.00248
3791 1.00235
3792 1.00222
3793 1.00209
3794 1.00196
3795 1.00182
3796 1.00169
3797 1.00156
3798 1.00143
3799 1.0013
3800 1.00117
3801 1.00103
3802 1.0009
3803 1.00077
3804 1.00064
3805 1.00051
3806 1.00038
3807 1.00025
3808 1.00011
3809 0.999983
3810 0.999852
3811 0.999721
3812 0.999589
3813 0.999458
3814 0.999327
3815 0.999196
3816 0.999065
3817 0.998934
3818 0.998803
3819 0.998672
3820 0.998541
3821 0.99841
3822 0.998279
3823 0.998149
3824 0.998018
3825 0.997887
3826 0.997757
3827 0.997626
3828 0.997495
3829 0.997365
3830 0.997234
3831 0.997104
3832 0.996973
3833 0.996843
3834 0.996712
3835 0.996582
3836 0.996451
3837 0.996321
3838 0.996191
3839 0.996061
3840 0.99593
3841 0.9958
3842 0.99567
3843 0.99554
3844 0.99541
3845 0.99528
3846 0.99515
3847 0.99502
3848 0.99489
3849 0.99476
3850 0.99463
3851 0.9945
3852 0.99437
3853 0.994241
3854 0.994111
3855 0.993981
3856 0.993852
3857 0.993722
3858 0.993592
3859 0.993463
3860 0.993333
3861 0.993204
3862 0.993074
3863 0.992945
3864 0.992815
3865 0.992686
3866 0.992557
3867 0.992427
3868 0.992298
3869 0.992169
3870 0.99204
3871 0.99191
3872 0.991781
3873 0.991652
3874 0.991523
3875 0.991394
3876 0.991265
3877 0.991136
3878 0.991007
3879 0.990878
3880 0.990749
3881 0.990621
3882 0.990492
3883 0.990363
3884 0.990234
3885 0.990106
3886 0.989977
3887 0.989848
3888 0.98972
3889 0.989591
3890 0.989463
3891 0.989334
3892 0.989206
3893 0.989077
3894 0.988949
3895 0.988821
3896 0.988692
3897 0.988564
3898 0.988436
3899 0.988307
3900 0.988179
3901 0.988051
3902 0.987923
3903 0.987795
3904 0.987667
3905 0.987539
3906 0.987411
3907 0.987283
3908 0.987155
3909 0.987027
3910 0.986899
3911 0.986771
3912 0.986643
3913 0.986516
3914 0.986388
3915 0.98626
3916 0.986133
3917 0.986005
3918 0.985877
3919 0.98575
3920 0.985622
3921 0.985495
3922 0.985367
3923 0.98524
3924 0.985112
3925 0.984985
3926 0.984858
3927 0.98473
3928 0.984603
3929 0.984476
3930 0.984349
3931 0.984222
3932 0.984094
3933 0.983967
3934 0.98384
3935 0.983713
3936 0.983586
3937 0.983459
3938 0.983332
3939 0.983205
3940 0.983078
3941 0.982952
3942 0.982825
3943 0.982698
3944 0.982571
3945 0.982445
3946 0.982318
3947 0.982191
3948 0.982065
3949 0.981938
3950 0.981811
3951 0.981685
3952 0.981558
3953 0.981432
3954 0.981306
3955 0.981179
3956 0.981053
3957 0.980927
3958 0.9808
3959 0.980674
3960 0.980548
3961 0.980422
3962 0.980295
3963 0.980169
3964 0.980043
3965 0.979917
3966 0.979791
3967 0.979665
3968 0.979539
3969 0.979413
3970 0.979287
3971 0.979161
3972 0.979036
3973 0.97891
3974 0.978784
3975 0.978658
3976 0.978533
3977 0.978407
3978 0.978281
3979 0.978156
3980 0.97803
3981 0.977905
3982 0.977779
3983 0.977654
3984 0.977528
3985 0.977403
3986 0.977277
3987 0.977152
3988 0.977027
3989 0.976901
3990 0.976776
3991 0.976651
3992 0.976526
3993 0.976401
3994 0.976275
3995 0.97615
3996 0.976025
3997 0.9759
3998 0.975775
3999 0.97565
4000 0.975525
4001 0.9754
4002 0.975276
4003 0.975151
4004 0.975026
4005 0.974901
4006 0.974776
4007 0.974652
4008 0.974527
4009 0.974402
4010 0.974278
4011 0.974153
4012 0.974029
4013 0.973904
4014 0.97378
4015 0.973655
4016 0.973531
4017 0.973406
4018 0.973282
4019 0.973158
4020 0.973033
4021 0.972909
4022 0.972785
4023 0.972661
4024 0.972536
4025 0.972412
4026 0.972288
4027 0.972164
4028 0.97204
4029 0.971916
4030 0.971792
4031 0.971668
4032 0.971544
4033 0.97142
4034 0.971296
4035 0.971173
4036 0.971049
4037 0.970925
4038 0.970801
4039 0.970678
4040 0.970554
4041 0.97043
4042 0.970307
4043 0.970183
4044 0.97006
4045 0.969936
4046 0.969813
4047 0.969689
4048 0.969566
4049 0.969442
4050 0.969319
4051 0.969196
4052 0.969072
4053 0.968949
4054 0.968826
4055 0.968703
4056 0.96858
4057 0.968457
4058 0.968333
4059 0.96821
4060 0.968087
4061 0.967964
4062 0.967841
4063 0.967718
4064 0.967595
4065 0.967473
4066 0.96735
4067 0.967227
4068 0.967104
4069 0.966981
4070 0.966859
4071 0.966736
4072 0.966613
4073 0.966491
4074 0.966368
4075 0.966246
4076 0.966123
4077 0.966
4078 0.965878
4079 0.965756
4080 0.965633
4081 0.965511
4082 0.965388
4083 0.965266
4084 0.965144
4085 0.965022
4086 0.964899
4087 0.964777
4088 0.964655
4089 0.964533
4090 0.964411
4091 0.964289
4092 0.964167
4093 0.964045
4094 0.963923
4095 0.963801
4096 0.963679
4097 0.963557
4098 0.963435
4099 0.963313
4100 0.963191
4101 0.96307
4102 0.962948
4103 0.962826
4104 0.962704
4105 0.962583
4106 0.962461
4107 0.96234
4108 0.962218
4109 0.962097
4110 0.961975
4111 0.961854
4112 0.961732
4113 0.961611
4114 0.961489
4115 0.961368
4116 0.961247
4117 0.961126
4118 0.961004
4119 0.960883
4120 0.960762
4121 0.960641
4122 0.96052
4123 0.960399
4124 0.960278
4125 0.960156
4126 0.960035
4127 0.959915
4128 0.959794
4129 0.959673
4130 0.959552
4131 0.959431
4132 0.95931
4133 0.959189
4134 0.959069
4135 0.958948
4136 0.958827
4137 0.958707
4138 0.958586
4139 0.958465
4140 0.958345
4141 0.958224
4142 0.958104
4143 0.957983
4144 0.957863
4145 0.957742
4146 0.957622
4147 0.957502
4148 0.957381
4149 0.957261
4150 0.957141
4151 0.95702
4152 0.9569
4153 0.95678
4154 0.95666
4155 0.95654
4156 0.95642
4157 0.9563
4158 0.95618
4159 0.95606
4160 0.95594
4161 0.95582
4162 0.9557
4163 0.95558
4164 0.95546
4165 0.95534
4166 0.95522
4167 0.955101
4168 0.954981
4169 0.954861
4170 0.954742
4171 0.954622
4172 0.954502
4173 0.954383
4174 0.954263
4175 0.954144
4176 0.954024
4177 0.953905
4178 0.953785
4179 0.953666
4180 0.953547
4181 0.953427
4182 0.953308
4183 0.953189
4184 0.953069
4185 0.95295
4186 0.952831
4187 0.952712
4188 0.952593
4189 0.952474
4190 0.952355
4191 0.952235
4192 0.952116
4193 0.951997
4194 0.951879
4195 0.95176
4196 0.951641
4197 0.951522
4198 0.951403
4199 0.951284
4200 0.951165
4201 0.951047
4202 0.950928
4203 0.950809
4204 0.950691
4205 0.950572
4206 0.950453
4207 0.950335
4208 0.950216
4209 0.950098
4210 0.949979
4211 0.949861
4212 0.949743
4213 0.949624
4214 0.949506
4215 0.949387
4216 0.949269
4217 0.949151
4218 0.949033
4219 0.948914
4220 0.948796
4221 0.948678
4222 0.94856
4223 0.948442
4224 0.948324
4225 0.948206
4226 0.948088
4227 0.94797
4228 0.947852
4229 0.947734
4230 0.947616
4231 0.947498
4232 0.94738
4233 0.947263
4234 0.947145
4235 0.947027
4236 0.946909
4237 0.946792
4238 0.946674
4239 0.946556
4240 0.946439
4241 0.946321
4242 0.946204
4243 0.946086
4244 0.945969
4245 0.945851
4246 0.945734
4247 0.945616
4248 0.945499
4249 0.945382
4250 0.945264
4251 0.945147
4252 0.94503
4253 0.944913
4254 0.944796
4255 0.944678
4256 0.944561
4257 0.944444
4258 0.944327
4259 0.94421
4260 0.944093
4261 0.943976
4262 0.943859
4263 0.943742
4264 0.943625
4265 0.943508
4266 0.943392
4267 0.943275
4268 0.943158
4269 0.943041
4270 0.942924
4271 0.942808
4272 0.942691
4273 0.942574
4274 0.942458
4275 0.942341
4276 0.942225
4277 0.942108
4278 0.941992
4279 0.941875
4280 0.941759
4281 0.941642
4282 0.941526
4283 0.94141
4284 0.941293
4285 0.941177
4286 0.941061
4287 0.940945
4288 0.940828
4289 0.940712
4290 0.940596
4291 0.94048
4292 0.940364
4293 0.940248
4294 0.940132
4295 0.940016
4296 0.9399
4297 0.939784
4298 0.939668
4299 0.939552
4300 0.939436
4301 0.93932
4302 0.939205
4303 0.939089
4304 0.938973
4305 0.938857
4306 0.938742
4307 0.938626
4308 0.93851
4309 0.938395
4310 0.938279
4311 0.938164
4312 0.938048
4313 0.937933
4314 0.937817
4315 0.937702
4316 0.937586
4317 0.937471
4318 0.937356
4319 0.93724
4320 0.937125
4321 0.93701
4322 0.936894
4323 0.936779
4324 0.936664
4325 0.936549
4326 0.936434
4327 0.936319
4328 0.936204
4329 0.936089
4330 0.935974
4331 0.935859
4332 0.935744
4333 0.935629
4334 0.935514
4335 0.935399
4336 0.935284
4337 0.935169
4338 0.935055
4339 0.93494
4340 0.934825
4341 0.93471
4342 0.934596
4343 0.934481
4344 0.934366
4345 0.934252
4346 0.934137
4347 0.934023
4348 0.933908
4349 0.933794
4350 0.933679
4351 0.933565
4352 0.933451
4353 0.933336
4354 0.933222
4355 0.933108
4356 0.932993
4357 0.932879
4358 0.932765
4359 0.932651
4360 0.932536
4361 0.932422
4362 0.932308
4363 0.932194
4364 0.93208
4365 0.931966
4366 0.931852
4367 0.931738
4368 0.931624
4369 0.93151
4370 0.931396
4371 0.931282
4372 0.931169
4373 0.931055
4374 0.930941
4375 0.930827
4376 0.930714
4377 0.9306
4378 0.930486
4379 0.930373
4380 0.930259
4381 0.930145
4382 0.930032
4383 0.929918
4384 0.929805
4385 0.929691
4386 0.929578
4387 0.929465
4388 0.929351
4389 0.929238
4390 0.929124
4391 0.929011
4392 0.928898
4393 0.928785
4394 0.928671
4395 0.928558
4396 0.928445
4397 0.928332
4398 0.928219
4399 0.928106
4400 0.927993
4401 0.92788
4402 0.927767
4403 0.927654
4404 0.927541
4405 0.927428
4406 0.927315
4407 0.927202
4408 0.927089
4409 0.926976
4410 0.926864
4411 0.926751
4412 0.926638
4413 0.926525
4414 0.926413
4415 0.9263
4416 0.926187
4417 0.926075
4418 0.925962
4419 0.92585
4420 0.925737
4421 0.925625
4422 0.925512
4423 0.9254
4424 0.925288
4425 0.925175
4426 0.925063
4427 0.924951
4428 0.924838
4429 0.924726
4430 0.924614
4431 0.924502
4432 0.924389
4433 0.924277
4434 0.924165
4435 0.924053
4436 0.923941
4437 0.923829
4438 0.923717
4439 0.923605
4440 0.923493
4441 0.923381
4442 0.923269
4443 0.923157
4444 0.923045
4445 0.922934
4446 0.922822
4447 0.92271
4448 0.922598
4449 0.922486
4450 0.922375
4451 0.922263
4452 0.922151
4453 0.92204
4454 0.921928
4455 0.921817
4456 0.921705
4457 0.921594
4458 0.921482
4459 0.921371
4460 0.921259
4461 0.921148
4462 0.921037
4463 0.920925
4464 0.920814
4465 0.920703
4466 0.920591
4467 0.92048
4468 0.920369
4469 0.920258
4470 0.920147
4471 0.920036
4472 0.919924
4473 0.919813
4474 0.919702
4475 0.919591
4476 0.91948
4477 0.919369
4478 0.919258
4479 0.919148
4480 0.919037
4481 0.918926
4482 0.918815
4483 0.918704
4484 0.918593
4485 0.918483
4486 0.918372
4487 0.918261
4488 0.918151
4489 0.91804
4490 0.917929
4491 0.917819
4492 0.917708
4493 0.917598
4494 0.917487
4495 0.917377
4496 0.917266
4497 0.917156
4498 0.917045
4499 0.916935
4500 0.916825
4501 0.916714
4502 0.916604
4503 0.916494
4504 0.916383
4505 0.916273
4506 0.916163
4507 0.916053
4508 0.915943
4509 0.915833
4510 0.915723
4511 0.915612
4512 0.915502
4513 0.915392
4514 0.915282
4515 0.915173
4516 0.915063
4517 0.914953
4518 0.914843
4519 0.914733
4520 0.914623
4521 0.914513
4522 0.914404
4523 0.914294
4524 0.914184
4525 0.914074
4526 0.913965
4527 0.913855
4528 0.913746
4529 0.913636
4530 0.913526
4531 0.913417
4532 0.913307
4533 0.913198
4534 0.913088
4535 0.912979
4536 0.91287
4537 0.91276
4538 0.912651
4539 0.912542
4540 0.912432
4541 0.912323
4542 0.912214
4543 0.912105
4544 0.911995
4545 0.911886
4546 0.911777
4547 0.911668
4548 0.911559
4549 0.91145
4550 0.911341
4551 0.911232
4552 0.911123
4553 0.911014
4554 0.910905
4555 0.910796
4556 0.910687
4557 0.910578
4558 0.910469
4559 0.910361
4560 0.910252
4561 0.910143
4562 0.910034
4563 0.909926
4564 0.909817
4565 0.909708
4566 0.9096
4567 0.909491
4568 0.909383
4569 0.909274
4570 0.909166
4571 0.909057
4572 0.908949
4573 0.90884
4574 0.908732
4575 0.908623
4576 0.908515
4577 0.908407
4578 0.908298
4579 0.90819
4580 0.908082
4581 0.907974
4582 0.907865
4583 0.907757
4584 0.907649
4585 0.907541
4586 0.907433
4587 0.907325
4588 0.907217
4589 0.907109
4590 0.907001
4591 0.906893
4592 0.906785
4593 0.906677
4594 0.906569
4595 0.906461
4596 0.906353
4597 0.906245
4598 0.906138
4599 0.90603
4600 0.905922
4601 0.905814
4602 0.905707
4603 0.905599
4604 0.905491
4605 0.905384
4606 0.905276
4607 0.905169
4608 0.905061
4609 0.904954
4610 0.904846
4611 0.904739
4612 0.904631
4613 0.904524
4614 0.904416
4615 0.904309
4616 0.904202
4617 0.904094
4618 0.903987
4619 0.90388
4620 0.903773
4621 0.903665
4622 0.903558
4623 0.903451
4624 0.903344
4625 0.903237
4626 0.90313
4627 0.903023
4628 0.902916
4629 0.902809
4630 0.902702
4631 0.902595
4632 0.902488
4633 0.902381
4634 0.902274
4635 0.902167
4636 0.90206
4637 0.901954
4638 0.901847
4639 0.90174
4640 0.901633
4641 0.901527
4642 0.90142
4643 0.901313
4644 0.901207
4645 0.9011
4646 0.900994
4647 0.900887
4648 0.900781
4649 0.900674
4650 0.900568
4651 0.900461
4652 0.900355
4653 0.900248
4654 0.900142
4655 0.900036
4656 0.899929
4657 0.899823
4658 0.899717
4659 0.89961
4660 0.899504
4661 0.899398
4662 0.899292
4663 0.899186
4664 0.89908
4665 0.898974
4666 0.898867
4667 0.898761
4668 0.898655
4669 0.898549
4670 0.898443
4671 0.898337
4672 0.898232
4673 0.898126
4674 0.89802
4675 0.897914
4676 0.897808
4677 0.897702
4678 0.897597
4679 0.897491
4680 0.897385
4681 0.897279
4682 0.897174
4683 0.897068
4684 0.896962
4685 0.896857
4686 0.896751
4687 0.896646
4688 0.89654
4689 0.896435
4690 0.896329
4691 0.896224
4692 0.896118
4693 0.896013
4694 0.895908
4695 0.895802
4696 0.895697
4697 0.895592
4698 0.895486
4699 0.895381
4700 0.895276
4701 0.895171
4702 0.895066
4703 0.89496
4704 0.894855
4705 0.89475
4706 0.894645
4707 0.89454
4708 0.894435
4709 0.89433
4710 0.894225
4711 0.89412
4712 0.894015
4713 0.89391
4714 0.893805
4715 0.893701
4716 0.893596
4717 0.893491
4718 0.893386
4719 0.893281
4720 0.893177
4721 0.893072
4722 0.892967
4723 0.892863
4724 0.892758
4725 0.892653
4726 0.892549
4727 0.892444
4728 0.89234
4729 0.892235
4730 0.892131
4731 0.892026
4732 0.891922
4733 0.891817
4734 0.891713
4735 0.891609
4736 0.891504
4737 0.8914
4738 0.891296
4739 0.891191
4740 0.891087
4741 0.890983
4742 0.890879
4743 0.890775
4744 0.89067
4745 0.890566
4746 0.890462
4747 0.890358
4748 0.890254
4749 0
4750 0
4751 0
4752 0
4753 0
4754 0
4755 0
4756 0
4757 0
4758 0
4759 0
4760 0
4761 0
4762 0
4763 0
4764 0
4765 0
4766 0
4767 0
4768 0
4769 0
4770 0
4771 0
4772 0
4773 0
4774 0
4775 0
4776 0
4777 0
4778 0
4779 0
4780 0
4781 0
4782 0
4783 0
4784 0
4785 0
4786 0
4787 0
4788 0
4789 0
4790 0
4791 0
4792 0
4793 0
4794 0
4795 0
4796 0
4797 0
4798 0
4799 0
4800 0
4801 0
4802 0
4803 0
4804 0
4805 0
4806 0
4807 0
4808 0
4809 0
4810 0
4811 0
4812 0
4813 0
4814 0
4815 0
4816 0
4817 0
4818 0
4819 0
4820 0
4821 0
4822 0
4823 0
4824 0
4825 0
4826 0
4827 0
4828 0
4829 0
4830 0
4831 0
4832 0
4833 0
4834 0
4835 0
4836 0
4837 0
4838 0
4839 0
4840 0
4841 0
4842 0
4843 0
4844 0
4845 0
4846 0
4847 0
4848 0
4849 0
4850 0
4851 0
4852 0
4853 0
4854 0
4855 0
4856 0
4857 0
4858 0
4859 0
4860 0
4861 0
4862 0
4863 0
4864 0
4865 0
4866 0
4867 0
4868 0
4869 0
4870 0
4871 0
4872 0
4873 0
4874 0
4875 0
4876 0
4877 0
4878 0
4879 0
4880 0
4881 0
4882 0
4883 0
4884 0
4885 0
4886 0
4887 0
4888 0
4889 0
4890 0
4891 0
4892 0
4893 0
4894 0
4895 0
4896 0
4897 0
4898 0
4899 0
4900 0
4901 0
4902 0
4903 0
4904 0
4905 0
4906 0
4907 0
4908 0
4909 0
4910 0
4911 0
4912 0
4913 0
4914 0
4915 0
4916 0
4917 0
4918 0
4919 0
4920 0
4921 0
4922 0
4923 0
4924 0
4925 0
4926 0
4927 0
4928 0
4929 0
4930 0
4931 0
4932 0
4933 0
4934 0
4935 0
4936 0
4937 0
4938 0
4939 0
4940 0
4941 0
4942 0
4943 0
4944 0
4945 0
4946 0
4947 0
4948 0
4949 0
4950 0
4951 0
4952 0
4953 0
4954 0
4955 0
4956 0
4957 0
4958 0
4959 0
4960 0
4961 0
4962 0
4963 0
4964 0
4965 0
4966 0
4967 0
4968 0
4969 0
4970 0
4971 0
4972 0
4973 0
4974 0
4975 0
4976 0
4977 0
4978 0
4979 0
4980 0
4981 0
4982 0
4983 0
4984 0
4985 0
4986 0
4987 0
4988 0
4989 0
4990 0
4991 0
4992 0
4993 0
4994 0
4995 0
4996 0
4997 0
4998 0
4999 0
5000 0
5001 0
5002 0
5003 0
5004 0
5005 0
5006 0
5007 0
5008 0
5009 0
5010 0
5011 0
5012 0
5013 0
5014 0
5015 0
5016 0
5017 0
5018 0
5019 0
5020 0
5021 0
5022 0
5023 0
5024 0
5025 0
5026 0
5027 0
5028 0
5029 0
5030 0
5031 0
5032 0
5033 0
5034 0
5035 0
5036 0
5037 0
5038 0
5039 0
5040 0
5041 0
5042 0
5043 0
5044 0
5045 0
5046 0
5047 0
5048 0
5049 0
5050 0
5051 0
5052 0
5053 0
5054 0
5055 0
5056 0
5057 0
5058 0
5059 0
5060 0
5061 0
5062 0
5063 0
5064 0
5065 0
5066 0
5067 0
5068 0
5069 0
5070 0
5071 0
5072 0
5073 0
5074 0
5075 0
5076 0
5077 0
5078 0
5079 0
5080 0
5081 0
5082 0
5083 0
5084 0
5085 0
5086 0
5087 0
5088 0
5089 0
5090 0
5091 0
5092 0
5093 0
5094 0
5095 0
5096 0
5097 0
5098 0
5099 0
5100 0
5101 0
5102 0
5103 0
5104 0
5105 0
5106 0
5107 0
5108 0
5109 0
5110 0
5111 0
5112 0
5113 0
5114 0
5115 0
5116 0
5117 0
5118 0
5119 0
5120 0
5121 0
5122 0
5123 0
5124 0
5125 0
5126 0
5127 0
5128 0
5129 0
5130 0
5131 0
5132 0
5133 0
5134 0
5135 0
5136 0
5137 0
5138 0
5139 0
5140 0
5141 0
5142 0
5143 0
5144 0
5145 0
5146 0
5147 0
5148 0
5149 0
5150 0
5151 0
5152 0
5153 0
5154 0
5155 0
5156 0
5157 0
5158 0
5159 0
5160 0
5161 0
5162 0
5163 0
5164 0
5165 0
5166 0
5167 0
5168 0
5169 0
5170 0
5171 0
5172 0
5173 0
5174 0
5175 0
5176 0
5177 0
5178 0
5179 0
5180 0
5181 0
5182 0
5183 0
5184 0
5185 0
5186 0
5187 0
5188 0
5189 0
5190 0
5191 0
5192 0
5193 0
5194 0
5195 0
5196 0
5197 0
5198 0
5199 0
5200 0
5201 0
5202 0
5203 0
5204 0
5205 0
5206 0
5207 0
5208 0
5209 0
5210 0
5211 0
5212 0
5213 0
5214 0
5215 0
5216 0
5217 0
5218 0
5219 0
5220 0
5221 0
5222 0
5223 0
5224 0
5225 0
5226 0
5227 0
5228 0
5229 0
5230 0
5231 0
5232 0
5233 0
5234 0
5235 0
5236 0
5237 0
5238 0
5239 0
5240 0
5241 0
5242 0
5243 0
5244 0
5245 0
5246 0
5247 0
5248 0
5249 0
5250 0
5251 0
5252 0
5253 0
5254 0
5255 0
5256 0
5257 0
5258 0
5259 0
5260 0
5261 0
5262 0
5263 0
5264 0
5265 0
5266 0
5267 0
5268 0
5269 0
5270 0
5271 0
5272 0
5273 0
5274 0
5275 0
5276 0
5277 0
5278 0
5279 0
5280 0
5281 0
5282 0
5283 0
5284 0
5285 0
5286 0
5287 0
5288 0
5289 0
5290 0
5291 0
5292 0
5293 0
5294 0
5295 0
5296 0
5297 0
5298 0
5299 0
5300 0
5301 0
5302 0
5303 0
5304 0
5305 0
5306 0
5307 0
5308 0
5309 0
5310 0
5311 0
5312 0
5313 0
5314 0
5315 0
5316 0
5317 0
5318 0
5319 0
5320 0
5321 0
5322 0
5323 0
5324 0
5325 0
5326 0
5327 0
5328 0
5329 0
5330 0
5331 0
5332 0
5333 0
5334 0
5335 0
5336 0
5337 0
5338 0
5339 0
5340 0
5341 0
5342 0
5343 0
5344 0
5345 0
5346 0
5347 0
5348 0
5349 0
5350 0
5351 0
5352 0
5353 0
5354 0
5355 0
5356 0
5357 0
5358 0
5359 0
5360 0
5361 0
5362 0
5363 0
5364 0
5365 0
5366 0
5367 0
5368 0
5369 0
5370 0
5371 0
5372 0
5373 0
5374 0
5375 0
5376 0
5377 0
5378 0
5379 0
5380 0
5381 0
5382 0
5383 0
5384 0
5385 0
5386 0
5387 0
5388 0
5389 0
5390 0
5391 0
5392 0
5393 0
5394 0
5395 0
5396 0
5397 0
5398 0
5399 0
5400 0
5401 0
5402 0
5403 0
5404 0
5405 0
5406 0
5407 0
5408 0
5409 0
5410 0
5411 0
5412 0
5413 0
5414 0
5415 0
5416 0
5417 0
5418 0
5419 0
5420 0
5421 0
5422 0
5423 0
5424 0
5425 0
5426 0
5427 0
5428 0
5429 0
5430 0
5431 0
5432 0
5433 0
5434 0
5435 0
5436 0
5437 0
5438 0
5439 0
5440 0
5441 0
5442 0
5443 0
5444 0
5445 0
5446 0
5447 0
5448 0
5449 0
5450 0
5451 0
5452 0
5453 0
5454 0
5455 0
5456 0
5457 0
5458 0
5459 0
5460 0
5461 0
5462 0
5463 0
5464 0
5465 0
5466 0
5467 0
5468 0
5469 0
5470 0
5471 0
5472 0
5473 0
5474 0
5475 0
5476 0
5477 0
5478 0
5479 0
5480 0
5481 0
5482 0
5483 0
5484 0
5485 0
5486 0
5487 0
5488 0
5489 0
5490 0
5491 0
5492 0
5493 0
5494 0
5495 0
5496 0
5497 0
5498 0
5499 0
5500 0
5501 0
5502 0
5503 0
5504 0
5505 0
5506 0
5507 0
5508 0
5509 0
5510 0
5511 0
5512 0
5513 0
5514 0
5515 0
5516 0
5517 0
5518 0
5519 0
5520 0
5521 0
5522 0
5523 0
5524 0
5525 0
5526 0
5527 0
5528 0
5529 0
5530 0
5531 0
5532 0
5533 0
5534 0
5535 0
5536 0
5537 0
5538 0
5539 0
5540 0
5541 0
5542 0
5543 0
5544 0
5545 0
5546 0
5547 0
5548 0
5549 0
5550 0
5551 0
5552 0
5553 0
5554 0
5555 0
5556 0
5557 0
5558 0
5559 0
5560 0
5561 0
5562 0
5563 0
5564 0
5565 0
5566 0
5567 0
5568 0
5569 0
5570 0
5571 0
5572 0
5573 0
5574 0
5575 0
5576 0
5577 0
5578 0
5579 0
5580 0
5581 0
5582 0
5583 0
5584 0
5585 0
5586 0
5587 0
5588 0
5589 0
5590 0
5591 0
5592 0
5593 0
5594 0
5595 0
5596 0
5597 0
5598 0
5599 0
5600 0
5601 0
5602 0
5603 0
5604 0
5605 0
5606 0
5607 0
5608 0
5609 0
5610 0
5611 0
5612 0
5613 0
5614 0
5615 0
5616 0
5617 0
5618 0
5619 0
5620 0
5621 0
5622 0
5623 0
5624 0
5625 0
5626 0
5627 0
5628 0
5629 0
5630 0
5631 0
5632 0
5633 0
5634 0
5635 0
5636 0
5637 0
5638 0
5639 0
5640 0
5641 0
5642 0
5643 0
5644 0
5645 0
5646 0
5647 0
5648 0
5649 0
5650 0
5651 0
5652 0
5653 0
5654 0
5655 0
5656 0
5657 0
5658 0
5659 0
5660 0
5661 0
5662 0
5663 0
5664 0
5665 0
5666 0
5667 0
5668 0
5669 0
5670 0
5671 0
5672 0
5673 0
5674 0
5675 0
5676 0
5677 0
5678 0
5679 0
5680 0
5681 0
5682 0
5683 0
5684 0
5685 0
5686 0
5687 0
5688 0
5689 0
5690 0
5691 0
5692 0
5693 0
5694 0
5695 0
5696 0
5697 0
5698 0
5699 0
5700 0
5701 0
5702 0
5703 0
5704 0
5705 0
5706 0
5707 0
5708 0
5709 0
5710 0
5711 0
5712 0
5713 0
5714 0
5715 0
5716 0
5717 0
5718 0
5719 0
5720 0
5721 0
5722 0
5723 0
5724 0
5725 0
5726 0
5727 0
5728 0
5729 0
5730 0
5731 0
5732 0
5733 0
5734 0
5735 0
5736 0
5737 0
5738 0
5739 0
5740 0
5741 0
5742 0
5743 0
5744 0
5745 0
5746 0
5747 0
5748 0
5749 0
5750 0
5751 0
5752 0
5753 0
5754 0
5755 0
5756 0
5757 0
5758 0
5759 0
5760 0
5761 0
5762 0
5763 0
5764 0
5765 0
5766 0
5767 0
5768 0
5769 0
5770 0
5771 0
5772 0
5773 0
5774 0
5775 0
5776 0
5777 0
5778 0
5779 0
5780 0
5781 0
5782 0
5783 0
5784 0
5785 0
5786 0
5787 0
5788 0
5789 0
5790 0
5791 0
5792 0
5793 0
5794 0
5795 0
5796 0
5797 0
5798 0
5799 0
5800 0
5801 0
5802 0
5803 0
5804 0
5805 0
5806 0
5807 0
5808 0
5809 0
5810 0
5811 0
5812 0
5813 0
5814 0
5815 0
5816 0
5817 0
5818 0
5819 0
5820 0
5821 0
5822 0
5823 0
5824 0
5825 0
5826 0
5827 0
5828 0
5829 0
5830 0
5831 0
5832 0
5833 0
5834 0
5835 0
5836 0
5837 0
5838 0
5839 0
5840 0
5841 0
5842 0
5843 0
5844 0
5845 0
5846 0
5847 0
5848 0
5849 0
5850 0
5851 0
5852 0
5853 0
5854 0
5855 0
5856 0
5857 0
5858 0
5859 0
5860 0
5861 0
5862 0
5863 0
5864 0
5865 0
5866 0
5867 0
5868 0
5869 0
5870 0
5871 0
5872 0
5873 0
5874 0
5875 0
5876 0
5877 0
5878 0
5879 0
5880 0
5881 0
5882 0
5883 0
5884 0
5885 0
5886 0
5887 0
5888 0
5889 0
5890 0
5891 0
5892 0
5893 0
5894 0
5895 0
5896 0
5897 0
5898 0
5899 0
5900 0
5901 0
5902 0
5903 0
5904 0
5905 0
5906 0
5907 0
5908 0
5909 0
5910 0
5911 0
5912 0
5913 0
5914 0
5915 0
5916 0
5917 0
5918 0
5919 0
5920 0
5921 0
5922 0
5923 0
5924 0
5925 0
5926 0
5927 0
5928 0
5929 0
5930 0
5931 0
5932 0
5933 0
5934 0
5935 0
5936 0
5937 0
5938 0
5939 0
5940 0
5941 0
5942 0
5943 0
5944 0
5945 0
5946 0
5947 0
5948 0
5949 0
5950 0
5951 0
5952 0
5953 0
5954 0
5955 0
5956 0
5957 0
5958 0
5959 0
5960 0
5961 0
5962 0
5963 0
5964 0
5965 0
5966 0
5967 0
5968 0
5969 0
5970 0
5971 0
5972 0
5973 0
5974 0
5975 0
5976 0
5977 0
5978 0
5979 0
5980 0
5981 0
5982 0
5983 0
5984 0
5985 0
5986 0
5987 0
5988 0
5989 0
5990 0
5991 0
5992 0
5993 0
5994 0
5995 0
5996 0
5997 0
5998 0
5999 0
6000 0
6001 0
6002 0
6003 0
6004 0
6005 0
6006 0
6007 0
6008 0
6009 0
6010 0
6011 0
6012 0
6013 0
6014 0
6015 0
6016 0
6017 0
6018 0
6019 0
6020 0
6021 0
6022 0
6023 0
6024 0
6025 0
6026 0
6027 0
6028 0
6029 0
6030 0
6031 0
6032 0
6033 0
6034 0
6035 0
6036 0
6037 0
6038 0
6039 0
6040 0
6041 0
6042 0
6043 0
6044 0
6045 0
6046 0
6047 0
6048 0
6049 0
6050 0
6051 0
6052 0
6053 0
6054 0
6055 0
6056 0
6057 0
6058 0
6059 0
6060 0
6061 0
6062 0
6063 0
6064 0
6065 0
6066 0
6067 0
6068 0
6069 0
6070 0
6071 0
6072 0
6073 0
6074 0
6075 0
6076 0
6077 0
6078 0
6079 0
6080 0
6081 0
6082 0
6083 0
6084 0
6085 0
6086 0
6087 0
6088 0
6089 0
6090 0
6091 0
6092 0
6093 0
6094 0
6095 0
6096 0
6097 0
6098 0
6099 0
6100 0
6101 0
6102 0
6103 0
6104 0
6105 0
6106 0
6107 0
6108 0
6109 0
6110 0
6111 0
6112 0
6113 0
6114 0
6115 0
6116 0
6117 0
6118 0
6119 0
6120 0
6121 0
6122 0
6123 0
6124 0
6125 0
6126 0
6127 0
6128 0
6129 0
6130 0
6131 0
6132 0
6133 0
6134 0
6135 0
6136 0
6137 0
6138 0
6139 0
6140 0
6141 0
6142 0
6143 0
6144 0
6145 0
6146 0
6147 0
6148 0
6149 0
6150 0
6151 0
6152 0
6153 0
6154 0
6155 0
6156 0
6157 0
6158 0
6159 0
6160 0
6161 0
6162 0
6163 0
6164 0
6165 0
6166 0
6167 0
6168 0
6169 0
6170 0
6171 0
6172 0
6173 0
6174 0
6175 0
6176 0
6177 0
6178 0
6179 0
6180 0
6181 0
6182 0
6183 0
6184 0
6185 0
6186 0
6187 0
6188 0
6189 0
6190 0
6191 0
6192 0
6193 0
6194 0
6195 0
6196 0
6197 0
6198 0
6199 0
6200 0
6201 0
6202 0
6203 0
6204 0
6205 0
6206 0
6207 0
6208 0
6209 0
6210 0
6211 0
6212 0
6213 0
6214 0
6215 0
6216 0
6217 0
6218 0
6219 0
6220 0
6221 0
6222 0
6223 0
6224 0
6225 0
6226 0
6227 0
6228 0
6229 0
6230 0
6231 0
6232 0
6233 0
6234 0
6235 0
6236 0
6237 0
6238 0
6239 0
6240 0
6241 0
6242 0
6243 0
6244 0
6245 0
6246 0
6247 0
6248 0
6249 0
6250 0
6251 0
6252 0
6253 0
6254 0
6255 0
6256 0
6257 0
6258 0
6259 0
6260 0
6261 0
6262 0
6263 0
6264 0
6265 0
6266 0
6267 0
6268 0
6269 0
6270 0
6271 0
6272 0
6273 0
6274 0
6275 0
6276 0
6277 0
6278 0
6279 0
6280 0
6281 0
6282 0
6283 0
6284 0
6285 0
6286 0
6287 0
6288 0
6289 0
6290 0
6291 0
6292 0
6293 0
6294 0
6295 0
6296 0
6297 0
6298 0
6299 0
6300 0
6301 0
6302 0
6303 0
6304 0
6305 0
6306 0
6307 0
6308 0
6309 0
6310 0
6311 0
6312 0
6313 0
6314 0
6315 0
6316 0
6317 0
6318 0
6319 0
6320 0
6321 0
6322 0
6323 0
6324 0
6325 0
6326 0
6327 0
6328 0
6329 0
6330 0
6331 0
6332 0
6333 0
6334 0
6335 0
6336 0
6337 0
6338 0
6339 0
6340 0
6341 0
6342 0
6343 0
6344 0
6345 0
6346 0
6347 0
6348 0
6349 0
6350 0
6351 0
6352 0
6353 0
6354 0
6355 0
6356 0
6357 0
6358 0
6359 0
6360 0
6361 0
6362 0
6363 0
6364 0
6365 0
6366 0
6367 0
6368 0
6369 0
6370 0
6371 0
6372 0
6373 0
6374 0
6375 0
6376 0
6377 0
6378 0
6379 0
6380 0
6381 0
6382 0
6383 0
6384 0
6385 0
6386 0
6387 0
6388 0
6389 0
6390 0
6391 0
6392 0
6393 0
6394 0
6395 0
6396 0
6397 0
6398 0
6399 0
6400 0
6401 0
6402 0
6403 0
6404 0
6405 0
6406 0
6407 0
6408 0
6409 0
6410 0
6411 0
6412 0
6413 0
6414 0
6415 0
6416 0
6417 0
6418 0
6419 0
6420 0
6421 0
6422 0
6423 0
6424 0
6425 0
6426 0
6427 0
6428 0
6429 0
6430 0
6431 0
6432 0
6433 0
6434 0
6435 0
6436 0
6437 0
6438 0
6439 0
6440 0
6441 0
6442 0
6443 0
6444 0
6445 0
6446 0
6447 0
6448 0
6449 0
6450 0
6451 0
6452 0
6453 0
6454 0
6455 0
6456 0
6457 0
6458 0
6459 0
6460 0
6461 0
6462 0
6463 0
6464 0
6465 0
6466 0
6467 0
6468 0
6469 0
6470 0
6471 0
6472 0
6473 0
6474 0
6475 0
6476 0
6477 0
6478 0
6479 0
6480 0
6481 0
6482 0
6483 0
6484 0
6485 0
6486 0
6487 0
6488 0
6489 0
6490 0
6491 0
6492 0
6493 0
6494 0
6495 0
6496 0
6497 0
6498 0
6499 0
6500 0
6501 0
6502 0
6503 0
6504 0
6505 0
6506 0
6507 0
6508 0
6509 0
6510 0
6511 0
6512 0
6513 0
6514 0
6515 0
6516 0
6517 0
6518 0
6519 0
6520 0
6521 0
6522 0
6523 0
6524 0
6525 0
6526 0
6527 0
6528 0
6529 0
6530 0
6531 0
6532 0
6533 0
6534 0
6535 0
6536 0
6537 0
6538 0
6539 0
6540 0
6541 0
6542 0
6543 0
6544 0
6545 0
6546 0
6547 0
6548 0
6549 0
6550 0
6551 0
6552 0
6553 0
6554 0
6555 0
6556 0
6557 0
6558 0
6559 0
6560 0
6561 0
6562 0
6563 0
6564 0
6565 0
6566 0
6567 0
6568 0
6569 0
6570 0
6571 0
6572 0
6573 0
6574 0
6575 0
6576 0
6577 0
6578 0
6579 0
6580 0
6581 0
6582 0
6583 0
6584 0
6585 0
6586 0
6587 0
6588 0
6589 0
6590 0
6591 0
6592 0
6593 0
6594 0
6595 0
6596 0
6597 0
6598 0
6599 0
6600 0
6601 0
6602 0
6603 0
6604 0
6605 0
6606 0
6607 0
6608 0
6609 0
6610 0
6611 0
6612 0
6613 0
6614 0
6615 0
6616 0
6617 0
6618 0
6619 0
6620 0
6621 0
6622 0
6623 0
6624 0
6625 0
6626 0
6627 0
6628 0
6629 0
6630 0
6631 0
6632 0
6633 0
6634 0
6635 0
6636 0
6637 0
6638 0
6639 0
6640 0
6641 0
6642 0
6643 0
6644 0
6645 0
6646 0
6647 0
6648 0
6649 0
6650 0
6651 0
6652 0
6653 0
6654 0
6655 0
6656 0
6657 0
6658 0
6659 0
6660 0
6661 0
6662 0
6663 0
6664 0
6665 0
6666 0
6667 0
6668 0
6669 0
6670 0
6671 0
6672 0
6673 0
6674 0
6675 0
6676 0
6677 0
6678 0
6679 0
6680 0
6681 0
6682 0
6683 0
6684 0
6685 0
6686 0
6687 0
6688 0
6689 0
6690 0
6691 0
6692 0
6693 0
6694 0
6695 0
6696 0
6697 0
6698 0
6699 0
6700 0
6701 0
6702 0
6703 0
6704 0
6705 0
6706 0
6707 0
6708 0
6709 0
6710 0
6711 0
6712 0
6713 0
6714 0
6715 0
6716 0
6717 0
6718 0
6719 0
6720 0
6721 0
6722 0
6723 0
6724 0
6725 0
6726 0
6727 0
6728 0
6729 0
6730 0
6731 0
6732 0
6733 0
6734 0
6735 0
6736 0
6737 0
6738 0
6739 0
6740 0
6741 0
6742 0
6743 0
6744 0
6745 0
6746 0
6747 0
6748 0
6749 0
6750 0
6751 0
6752 0
6753 0
6754 0
6755 0
6756 0
6757 0
6758 0
6759 0
6760 0
6761 0
6762 0
6763 0
6764 0
6765 0
6766 0
6767 0
6768 0
6769 0
6770 0
6771 0
6772 0
6773 0
6774 0
6775 0
6776 0
6777 0
6778 0
6779 0
6780 0
6781 0
6782 0
6783 0
6784 0
6785 0
6786 0
6787 0
6788 0
6789 0
6790 0
6791 0
6792 0
6793 0
6794 0
6795 0
6796 0
6797 0
6798 0
6799 0
6800 0
6801 0
6802 0
6803 0
6804 0
6805 0
6806 0
6807 0
6808 0
6809 0
6810 0
6811 0
6812 0
6813 0
6814 0
6815 0
6816 0
6817 0
6818 0
6819 0
6820 0
6821 0
6822 0
6823 0
6824 0
6825 0
6826 0
6827 0
6828 0
6829 0
6830 0
6831 0
6832 0
6833 0
6834 0
6835 0
6836 0
6837 0
6838 0
6839 0
6840 0
6841 0
6842 0
6843 0
6844 0
6845 0
6846 0
6847 0
6848 0
6849 0
6850 0
6851 0
6852 0
6853 0
6854 0
6855 0
6856 0
6857 0
6858 0
6859 0
6860 0
6861 0
6862 0
6863 0
6864 0
6865 0
6866 0
6867 0
6868 0
6869 0
6870 0
6871 0
6872 0
6873 0
6874 0
6875 0
6876 0
6877 0
6878 0
6879 0
6880 0
6881 0
6882 0
6883 0
6884 0
6885 0
6886 0
6887 0
6888 0
6889 0
6890 0
6891 0
6892 0
6893 0
6894 0
6895 0
6896 0
6897 0
6898 0
6899 0
6900 0
6901 0
6902 0
6903 0
6904 0
6905 0
6906 0
6907 0
6908 0
6909 0
6910 0
6911 0
6912 0
6913 0
6914 0
6915 0
6916 0
6917 0
6918 0
6919 0
6920 0
6921 0
6922 0
6923 0
6924 0
6925 0
6926 0
6927 0
6928 0
6929 0
6930 0
6931 0
6932 0
6933 0
6934 0
6935 0
6936 0
6937 0
6938 0
6939 0
6940 0
6941 0
6942 0
6943 0
6944 0
6945 0
6946 0
6947 0
6948 0
6949 0
6950 0
6951 0
6952 0
6953 0
6954 0
6955 0
6956 0
6957 0
6958 0
6959 0
6960 0
6961 0
6962 0
6963 0
6964 0
6965 0
6966 0
6967 0
6968 0
6969 0
6970 0
6971 0
6972 0
6973 0
6974 0
6975 0
6976 0
6977 0
6978 0
6979 0
6980 0
6981 0
6982 0
6983 0
6984 0
6985 0
6986 0
6987 0
6988 0
6989 0
6990 0
6991 0
6992 0
6993 0
6994 0
6995 0
6996 0
6997 0
6998 0
6999 0
7000 0
7001 0
7002 0
7003 0
7004 0
7005 0
7006 0
7007 0
7008 0
7009 0
7010 0
7011 0
7012 0
7013 0
7014 0
7015 0
7016 0
7017 0
7018 0
7019 0
7020 0
7021 0
7022 0
7023 0
7024 0
7025 0
7026 0
7027 0
7028 0
7029 0
7030 0
7031 0
7032 0
7033 0
7034 0
7035 0
7036 0
7037 0
7038 0
7039 0
7040 0
7041 0
7042 0
7043 0
7044 0
7045 0
7046 0
7047 0
7048 0
7049 0
7050 0
7051 0
7052 0
7053 0
7054 0
7055 0
7056 0
7057 0
7058 0
7059 0
7060 0
7061 0
7062 0
7063 0
7064 0
7065 0
7066 0
7067 0
7068 0
7069 0
7070 0
7071 0
7072 0
7073 0
7074 0
7075 0
7076 0
7077 0
7078 0
7079 0
7080 0
7081 0
7082 0
7083 0
7084 0
7085 0
7086 0
7087 0
7088 0
7089 0
7090 0
7091 0
7092 0
7093 0
7094 0
7095 0
7096 0
7097 0
7098 0
7099 0
7100 0
7101 0
7102 0
7103 0
7104 0
7105 0
7106 0
7107 0
7108 0
7109 0
7110 0
7111 0
7112 0
7113 0
7114 0
7115 0
7116 0
7117 0
7118 0
7119 0
7120 0
7121 0
7122 0
7123 0
7124 0
7125 0
7126 0
7127 0
7128 0
7129 0
7130 0
7131 0
7132 0
7133 0
7134 0
7135 0
7136 0
7137 0
7138 0
7139 0
7140 0
7141 0
7142 0
7143 0
7144 0
7145 0
7146 0
7147 0
7148 0
7149 0
7150 0
7151 0
7152 0
7153 0
7154 0
7155 0
7156 0
7157 0
7158 0
7159 0
7160 0
7161 0
7162 0
7163 0
7164 0
7165 0
7166 0
7167 0
7168 0
7169 0
7170 0
7171 0
7172 0
7173 0
7174 0
7175 0
7176 0
7177 0
7178 0
7179 0
7180 0
7181 0
7182 0
7183 0
7184 0
7185 0
7186 0
7187 0
7188 0
7189 0
7190 0
7191 0
7192 0
7193 0
7194 0
7195 0
7196 0
7197 0
7198 0
7199 0
7200 0
7201 0
7202 0
7203 0
7204 0
7205 0
7206 0
7207 0
7208 0
7209 0
7210 0
7211 0
7212 0
7213 0
7214 0
7215 0
7216 0
7217 0
7218 0
7219 0
7220 0
7221 0
7222 0
7223 0
7224 0
7225 0
7226 0
7227 0
7228 0
7229 0
7230 0
7231 0
7232 0
7233 0
7234 0
7235 0
7236 0
7237 0
7238 0
7239 0
7240 0
7241 0
7242 0
7243 0
7244 0
7245 0
7246 0
7247 0
7248 0
7249 0
7250 0
7251 0
7252 0
7253 0
7254 0
7255 0
7256 0
7257 0
7258 0
7259 0
7260 0
7261 0
7262 0
7263 0
7264 0
7265 0
7266 0
7267 0
7268 0
7269 0
7270 0
7271 0
7272 0
7273 0
7274 0
7275 0
7276 0
7277 0
7278 0
7279 0
7280 0
7281 0
7282 0
7283 0
7284 0
7285 0
7286 0
7287 0
7288 0
7289 0
7290 0
7291 0
7292 0
7293 0
7294 0
7295 0
7296 0
7297 0
7298 0
7299 0
7300 0
7301 0
7302 0
7303 0
7304 0
7305 0
7306 0
7307 0
7308 0
7309 0
7310 0
7311 0
7312 0
7313 0
7314 0
7315 0
7316 0
7317 0
7318 0
7319 0
7320 0
7321 0
7322 0
7323 0
7324 0
7325 0
7326 0
7327 0
7328 0
7329 0
7330 0
7331 0
7332 0
7333 0
7334 0
7335 0
7336 0
7337 0
7338 0
7339 0
7340 0
7341 0
7342 0
7343 0
7344 0
7345 0
7346 0
7347 0
7348 0
7349 0
7350 0
7351 0
7352 0
7353 0
7354 0
7355 0
7356 0
7357 0
7358 0
7359 0
7360 0
7361 0
7362 0
7363 0
7364 0
7365 0
7366 0
7367 0
7368 0
7369 0
7370 0
7371 0
7372 0
7373 0
7374 0
7375 0
7376 0
7377 0
7378 0
7379 0
7380 0
7381 0
7382 0
7383 0
7384 0
7385 0
7386 0
7387 0
7388 0
7389 0
7390 0
7391 0
7392 0
7393 0
7394 0
7395 0
7396 0
7397 0
7398 0
7399 0
7400 0
7401 0
7402 0
7403 0
7404 0
7405 0
7406 0
7407 0
7408 0
7409 0
7410 0
7411 0
7412 0
7413 0
7414 0
7415 0
7416 0
7417 0
7418 0
7419 0
7420 0
7421 0
7422 0
7423 0
7424 0
7425 0
7426 0
7427 0
7428 0
7429 0
7430 0
7431 0
7432 0
7433 0
7434 0
7435 0
7436 0
7437 0
7438 0
7439 0
7440 0
7441 0
7442 0
7443 0
7444 0
7445 0
7446 0
7447 0
7448 0
7449 0
7450 0
7451 0
7452 0
7453 0
7454 0
7455 0
7456 0
7457 0
7458 0
7459 0
7460 0
7461 0
7462 0
7463 0
7464 0
7465 0
7466 0
7467 0
7468 0
7469 0
7470 0
7471 0
7472 0
7473 0
7474 0
7475 0
7476 0
7477 0
7478 0
7479 0
7480 0
7481 0
7482 0
7483 0
7484 0
7485 0
7486 0
7487 0
7488 0
7489 0
7490 0
7491 0
7492 0
7493 0
7494 0
7495 0
7496 0
7497 0
7498 0
7499 0
7500 0
7501 0
7502 0
7503 0
7504 0
7505 0
7506 0
7507 0
7508 0
7509 0
7510 0
7511 0
7512 0
7513 0
7514 0
7515 0
7516 0
7517 0
7518 0
7519 0
7520 0
7521 0
7522 0
7523 0
7524 0
7525 0
7526 0
7527 0
7528 0
7529 0
7530 0
7531 0
7532 0
7533 0
7534 0
7535 0
7536 0
7537 0
7538 0
7539 0
7540 0
7541 0
7542 0
7543 0
7544 0
7545 0
7546 0
7547 0
7548 0
7549 0
7550 0
7551 0
7552 0
7553 0
7554 0
7555 0
7556 0
7557 0
7558 0
7559 0
7560 0
7561 0
7562 0
7563 0
7564 0
7565 0
7566 0
7567 0
7568 0
7569 0
7570 0
7571 0
7572 0
7573 0
7574 0
7575 0
7576 0
7577 0
7578 0
7579 0
7580 0
7581 0
7582 0
7583 0
7584 0
7585 0
7586 0
7587 0
7588 0
7589 0
7590 0
7591 0
7592 0
7593 0
7594 0
7595 0
7596 0
7597 0
7598 0
7599 0
7600 0
7601 0
7602 0
7603 0
7604 0
7605 0
7606 0
7607 0
7608 0
7609 0
7610 0
7611 0
7612 0
7613 0
7614 0
7615 0
7616 0
7617 0
7618 0
7619 0
7620 0
7621 0
7622 0
7623 0
7624 0
7625 0
7626 0
7627 0
7628 0
7629 0
7630 0
7631 0
7632 0
7633 0
7634 0
7635 0
7636 0
7637 0
7638 0
7639 0
7640 0
7641 0
7642 0
7643 0
7644 0
7645 0
7646 0
7647 0
7648 0
7649 0
7650 0
7651 0
7652 0
7653 0
7654 0
7655 0
7656 0
7657 0
7658 0
7659 0
7660 0
7661 0
7662 0
7663 0
7664 0
7665 0
7666 0
7667 0
7668 0
7669 0
7670 0
7671 0
7672 0
7673 0
7674 0
7675 0
7676 0
7677 0
7678 0
7679 0
7680 0
7681 0
7682 0
7683 0
7684 0
7685 0
7686 0
7687 0
7688 0
7689 0
7690 0
7691 0
7692 0
7693 0
7694 0
7695 0
7696 0
7697 0
7698 0
7699 0
7700 0
7701 0
7702 0
7703 0
7704 0
7705 0
7706 0
7707 0
7708 0
7709 0
7710 0
7711 0
7712 0
7713 0
7714 0
7715 0
7716 0
7717 0
7718 0
7719 0
7720 0
7721 0
7722 0
7723 0
7724 0
7725 0
7726 0
7727 0
7728 0
7729 0
7730 0
7731 0
7732 0
7733 0
7734 0
7735 0
7736 0
7737 0
7738 0
7739 0
7740 0
7741 0
7742 0
7743 0
7744 0
7745 0
7746 0
7747 0
7748 0
7749 0
7750 0
7751 0
7752 0
7753 0
7754 0
7755 0
7756 0
7757 0
7758 0
7759 0
7760 0
7761 0
7762 0
7763 0
7764 0
7765 0
7766 0
7767 0
7768 0
7769 0
7770 0
7771 0
7772 0
7773 0
7774 0
7775 0
7776 0
7777 0
7778 0
7779 0
7780 0
7781 0
7782 0
7783 0
7784 0
7785 0
7786 0
7787 0
7788 0
7789 0
7790 0
7791 0
7792 0
7793 0
7794 0
7795 0
7796 0
7797 0
7798 0
7799 0
7800 0
7801 0
7802 0
7803 0
7804 0
7805 0
7806 0
7807 0
7808 0
7809 0
7810 0
7811 0
7812 0
7813 0
7814 0
7815 0
7816 0
7817 0
7818 0
7819 0
7820 0
7821 0
7822 0
7823 0
7824 0
7825 0
7826 0
7827 0
7828 0
7829 0
7830 0
7831 0
7832 0
7833 0
7834 0
7835 0
7836 0
7837 0
7838 0
7839 0
7840 0
7841 0
7842 0
7843 0
7844 0
7845 0
7846 0
7847 0
7848 0
7849 0
7850 0
7851 0
7852 0
7853 0
7854 0
7855 0
7856 0
7857 0
7858 0
7859 0
7860 0
7861 0
7862 0
7863 0
7864 0
7865 0
7866 0
7867 0
7868 0
7869 0
7870 0
7871 0
7872 0
7873 0
7874 0
7875 0
7876 0
7877 0
7878 0
7879 0
7880 0
7881 0
7882 0
7883 0
7884 0
7885 0
7886 0
7887 0
7888 0
7889 0
7890 0
7891 0
7892 0
7893 0
7894 0
7895 0
7896 0
7897 0
7898 0
7899 0
7900 0
7901 0
7902 0
7903 0
7904 0
7905 0
7906 0
7907 0
7908 0
7909 0
7910 0
7911 0
7912 0
7913 0
7914 0
7915 0
7916 0
7917 0
7918 0
7919 0
7920 0
7921 0
7922 0
7923 0
7924 0
7925 0
7926 0
7927 0
7928 0
7929 0
7930 0
7931 0
7932 0
7933 0
7934 0
7935 0
7936 0
7937 0
7938 0
7939 0
7940 0
7941 0
7942 0
7943 0
7944 0
7945 0
7946 0
7947 0
7948 0
7949 0
7950 0
7951 0
7952 0
7953 0
7954 0
7955 0
7956 0
7957 0
7958 0
7959 0
7960 0
7961 0
7962 0
7963 0
7964 0
7965 0
7966 0
7967 0
7968 0
7969 0
7970 0
7971 0
7972 0
7973 0
7974 0
7975 0
7976 0
7977 0
7978 0
7979 0
7980 0
7981 0
7982 0
7983 0
7984 0
7985 0
7986 0
7987 0
7988 0
7989 0
7990 0
7991 0
7992 0
7993 0
7994 0
7995 0
7996 0
7997 0
7998 0
7999 0
8000 0
8001 0
8002 0
8003 0
8004 0
8005 0
8006 0
8007 0
8008 0
8009 0
8010 0
8011 0
8012 0
8013 0
8014 0
8015 0
8016 0
8017 0
8018 0
8019 0
8020 0
8021 0
8022 0
8023 0
8024 0
8025 0
8026 0
8027 0
8028 0
8029 0
8030 0
8031 0
8032 0
8033 0
8034 0
8035 0
8036 0
8037 0
8038 0
8039 0
8040 0
8041 0
8042 0
8043 0
8044 0
8045 0
8046 0
8047 0
8048 0
8049 0
8050 0
8051 0
8052 0
8053 0
8054 0
8055 0
8056 0
8057 0
8058 0
8059 0
8060 0
8061 0
8062 0
8063 0
8064 0
8065 0
8066 0
8067 0
8068 0
8069 0
8070 0
8071 0
8072 0
8073 0
8074 0
8075 0
8076 0
8077 0
8078 0
8079 0
8080 0
8081 0
8082 0
8083 0
8084 0
8085 0
8086 0
8087 0
8088 0
8089 0
8090 0
8091 0
8092 0
8093 0
8094 0
8095 0
8096 0
8097 0
8098 0
8099 0
8100 0
8101 0
8102 0
8103 0
8104 0
8105 0
8106 0
8107 0
8108 0
8109 0
8110 0
8111 0
8112 0
8113 0
8114 0
8115 0
8116 0
8117 0
8118 0
8119 0
8120 0
8121 0
8122 0
8123 0
8124 0
8125 0
8126 0
8127 0
8128 0
8129 0
8130 0
8131 0
8132 0
8133 0
8134 0
8135 0
8136 0
8137 0
8138 0
8139 0
8140 0
8141 0
8142 0
8143 0
8144 0
8145 0
8146 0
8147 0
8148 0
8149 0
8150 0
8151 0
8152 0
8153 0
8154 0
8155 0
8156 0
8157 0
8158 0
8159 0
8160 0
8161 0
8162 0
8163 0
8164 0
8165 0
8166 0
8167 0
8168 0
8169 0
8170 0
8171 0
8172 0
8173 0
8174 0
8175 0
8176 0
8177 0
8178 0
8179 0
8180 0
8181 0
8182 0
8183 0
8184 0
8185 0
8186 0
8187 0
8188 0
8189 0
8190 0
8191 0
8192 0
8193 0
8194 0
8195 0
8196 0
8197 0
8198 0
8199 0
8200 0
8201 0
8202 0
8203 0
8204 0
8205 0
8206 0
8207 0
8208 0
8209 0
8210 0
8211 0
8212 0
8213 0
8214 0
8215 0
8216 0
8217 0
8218 0
8219 0
8220 0
8221 0
8222 0
8223 0
8224 0
8225 0
8226 0
8227 0
8228 0
8229 0
8230 0
8231 0
8232 0
8233 0
8234 0
8235 0
8236 0
8237 0
8238 0
8239 0
8240 0
8241 0
8242 0
8243 0
8244 0
8245 0
8246 0
8247 0
8248 0
8249 0
8250 0
8251 0
8252 0
8253 0
8254 0
8255 0
8256 0
8257 0
8258 0
8259 0
8260 0
8261 0
8262 0
8263 0
8264 0
8265 0
8266 0
8267 0
8268 0
8269 0
8270 0
8271 0
8272 0
8273 0
8274 0
8275 0
8276 0
8277 0
8278 0
8279 0
8280 0
8281 0
8282 0
8283 0
8284 0
8285 0
8286 0
8287 0
8288 0
8289 0
8290 0
8291 0
8292 0
8293 0
8294 0
8295 0
8296 0
8297 0
8298 0
8299 0
8300 0
8301 0
8302 0
8303 0
8304 0
8305 0
8306 0
8307 0
8308 0
8309 0
8310 0
8311 0
8312 0
8313 0
8314 0
8315 0
8316 0
8317 0
8318 0
8319 0
8320 0
8321 0
8322 0
8323 0
8324 0
8325 0
8326 0
8327 0
8328 0
8329 0
8330 0
8331 0
8332 0
8333 0
8334 0
8335 0
8336 0
8337 0
8338 0
8339 0
8340 0
8341 0
8342 0
8343 0
8344 0
8345 0
8346 0
8347 0
8348 0
8349 0
8350 0
8351 0
8352 0
8353 0
8354 0
8355 0
8356 0
8357 0
8358 0
8359 0
8360 0
8361 0
8362 0
8363 0
8364 0
8365 0
8366 0
8367 0
8368 0
8369 0
8370 0
8371 0
8372 0
8373 0
8374 0
8375 0
8376 0
8377 0
8378 0
8379 0
8380 0
8381 0
8382 0
8383 0
8384 0
8385 0
8386 0
8387 0
8388 0
8389 0
8390 0
8391 0
8392 0
8393 0
8394 0
8395 0
8396 0
8397 0
8398 0
8399 0
8400 0
8401 0
8402 0
8403 0
8404 0
8405 0
8406 0
8407 0
8408 0
8409 0
8410 0
8411 0
8412 0
8413 0
8414 0
8415 0
8416 0
8417 0
8418 0
8419 0
8420 0
8421 0
8422 0
8423 0
8424 0
8425 0
8426 0
8427 0
8428 0
8429 0
8430 0
8431 0
8432 0
8433 0
8434 0
8435 0
8436 0
8437 0
8438 0
8439 0
8440 0
8441 0
8442 0
8443 0
8444 0
8445 0
8446 0
8447 0
8448 0
8449 0
8450 0
8451 0
8452 0
8453 0
8454 0
8455 0
8456 0
8457 0
8458 0
8459 0
8460 0
8461 0
8462 0
8463 0
8464 0
8465 0
8466 0
8467 0
8468 0
8469 0
8470 0
8471 0
8472 0
8473 0
8474 0
8475 0
8476 0
8477 0
8478 0
8479 0
8480 0
8481 0
8482 0
8483 0
8484 0
8485 0
8486 0
8487 0
8488 0
8489 0
8490 0
8491 0
8492 0
8493 0
8494 0
8495 0
8496 0
8497 0
8498 0
8499 0
8500 0
8501 0
8502 0
8503 0
8504 0
8505 0
8506 0
8507 0
8508 0
8509 0
8510 0
8511 0
8512 0
8513 0
8514 0
8515 0
8516 0
8517 0
8518 0
8519 0
8520 0
8521 0
8522 0
8523 0
8524 0
8525 0
8526 0
8527 0
8528 0
8529 0
8530 0
8531 0
8532 0
8533 0
8534 0
8535 0
8536 0
8537 0
8538 0
8539 0
8540 0
8541 0
8542 0
8543 0
8544 0
8545 0
8546 0
8547 0
8548 0
8549 0
8550 0
8551 0
8552 0
8553 0
8554 0
8555 0
8556 0
8557 0
8558 0
8559 0
8560 0
8561 0
8562 0
8563 0
8564 0
8565 0
8566 0
8567 0
8568 0
8569 0
8570 0
8571 0
8572 0
8573 0
8574 0
8575 0
8576 0
8577 0
8578 0
8579 0
8580 0
8581 0
8582 0
8583 0
8584 0
8585 0
8586 0
8587 0
8588 0
8589 0
8590 0
8591 0
8592 0
8593 0
8594 0
8595 0
8596 0
8597 0
8598 0
8599 0
8600 0
8601 0
8602 0
8603 0
8604 0
8605 0
8606 0
8607 0
8608 0
8609 0
8610 0
8611 0
8612 0
8613 0
8614 0
8615 0
8616 0
8617 0
8618 0
8619 0
8620 0
8621 0
8622 0
8623 0
8624 0
8625 0
8626 0
8627 0
8628 0
8629 0
8630 0
8631 0
8632 0
8633 0
8634 0
8635 0
8636 0
8637 0
8638 0
8639 0
8640 0
8641 0
8642 0
8643 0
8644 0
8645 0
8646 0
8647 0
8648 0
8649 0
8650 0
8651 0
8652 0
8653 0
8654 0
8655 0
8656 0
8657 0
8658 0
8659 0
8660 0
8661 0
8662 0
8663 0
8664 0
8665 0
8666 0
8667 0
8668 0
8669 0
8670 0
8671 0
8672 0
8673 0
8674 0
8675 0
8676 0
8677 0
8678 0
8679 0
8680 0
8681 0
8682 0
8683 0
8684 0
8685 0
8686 0
8687 0
8688 0
8689 0
8690 0
8691 0
8692 0
8693 0
8694 0
8695 0
8696 0
8697 0
8698 0
8699 0
8700 0
8701 0
8702 0
8703 0
8704 0
8705 0
8706 0
8707 0
8708 0
8709 0
8710 0
8711 0
8712 0
8713 0
8714 0
8715 0
8716 0
8717 0
8718 0
8719 0
8720 0
8721 0
8722 0
8723 0
8724 0
8725 0
8726 0
8727 0
8728 0
8729 0
8730 0
8731 0
8732 0
8733 0
8734 0
8735 0
8736 0
8737 0
8738 0
8739 0
8740 0
8741 0
8742 0
8743 0
8744 0
8745 0
8746 0
8747 0
8748 0
8749 0
8750 0
8751 0
8752 0
8753 0
8754 0
8755 0
8756 0
8757 0
8758 0
8759 0
8760 0
8761 0
8762 0
8763 0
8764 0
8765 0
8766 0
8767 0
8768 0
8769 0
8770 0
8771 0
8772 0
8773 0
8774 0
8775 0
8776 0
8777 0
8778 0
8779 0
8780 0
8781 0
8782 0
8783 0
8784 0
8785 0
8786 0
8787 0
8788 0
8789 0
8790 0
8791 0
8792 0
8793 0
8794 0
8795 0
8796 0
8797 0
8798 0
8799 0
8800 0
8801 0
8802 0
8803 0
8804 0
8805 0
8806 0
8807 0
8808 0
8809 0
8810 0
8811 0
8812 0
8813 0
8814 0
8815 0
8816 0
8817 0
8818 0
8819 0
8820 0
8821 0
8822 0
8823 0
8824 0
8825 0
8826 0
8827 0
8828 0
8829 0
8830 0
8831 0
8832 0
8833 0
8834 0
8835 0
8836 0
8837 0
8838 0
8839 0
8840 0
8841 0
8842 0
8843 0
8844 0
8845 0
8846 0
8847 0
8848 0
8849 0
8850 0
8851 0
8852 0
8853 0
8854 0
8855 0
8856 0
8857 0
8858 0
8859 0
8860 0
8861 0
8862 0
8863 0
8864 0
8865 0
8866 0
8867 0
8868 0
8869 0
8870 0
8871 0
8872 0
8873 0
8874 0
8875 0
8876 0
8877 0
8878 0
8879 0
8880 0
8881 0
8882 0
8883 0
8884 0
8885 0
8886 0
8887 0
8888 0
8889 0
8890 0
8891 0
8892 0
8893 0
8894 0
8895 0
8896 0
8897 0
8898 0
8899 0
8900 0
8901 0
8902 0
8903 0
8904 0
8905 0
8906 0
8907 0
8908 0
8909 0
8910 0
8911 0
8912 0
8913 0
8914 0
8915 0
8916 0
8917 0
8918 0
8919 0
8920 0
8921 0
8922 0
8923 0
8924 0
8925 0
8926 0
8927 0
8928 0
8929 0
8930 0
8931 0
8932 0
8933 0
8934 0
8935 0
8936 0
8937 0
8938 0
8939 0
8940 0
8941 0
8942 0
8943 0
8944 0
8945 0
8946 0
8947 0
8948 0
8949 0
8950 0
8951 0
8952 0
8953 0
8954 0
8955 0
8956 0
8957 0
8958 0
8959 0
8960 0
8961 0
8962 0
8963 0
8964 0
8965 0
8966 0
8967 0
8968 0
8969 0
8970 0
8971 0
8972 0
8973 0
8974 0
8975 0
8976 0
8977 0
8978 0
8979 0
8980 0
8981 0
8982 0
8983 0
8984 0
8985 0
8986 0
8987 0
8988 0
8989 0
8990 0
8991 0
8992 0
8993 0
8994 0
8995 0
8996 0
8997 0
8998 0
8999 0
9000 0
9001 0
9002 0
9003 0
9004 0
9005 0
9006 0
9007 0
9008 0
9009 0
9010 0
9011 0
9012 0
9013 0
9014 0
9015 0
9016 0
9017 0
9018 0
9019 0
9020 0
9021 0
9022 0
9023 0
9024 0
9025 0
9026 0
9027 0
9028 0
9029 0
9030 0
9031 0
9032 0
9033 0
9034 0
9035 0
9036 0
9037 0
9038 0
9039 0
9040 0
9041 0
9042 0
9043 0
9044 0
9045 0
9046 0
9047 0
9048 0
9049 0
9050 0
9051 0
9052 0
9053 0
9054 0
9055 0
9056 0
9057 0
9058 0
9059 0
9060 0
9061 0
9062 0
9063 0
9064 0
9065 0
9066 0
9067 0
9068 0
9069 0
9070 0
9071 0
9072 0
9073 0
9074 0
9075 0
9076 0
9077 0
9078 0
9079 0
9080 0
9081 0
9082 0
9083 0
9084 0
9085 0
9086 0
9087 0
9088 0
9089 0
9090 0
9091 0
9092 0
9093 0
9094 0
9095 0
9096 0
9097 0
9098 0
9099 0
9100 0
9101 0
9102 0
9103 0
9104 0
9105 0
9106 0
9107 0
9108 0
9109 0
9110 0
9111 0
9112 0
9113 0
9114 0
9115 0
9116 0
9117 0
9118 0
9119 0
9120 0
9121 0
9122 0
9123 0
9124 0
9125 0
9126 0
9127 0
9128 0
9129 0
9130 0
9131 0
9132 0
9133 0
9134 0
9135 0
9136 0
9137 0
9138 0
9139 0
9140 0
9141 0
9142 0
9143 0
9144 0
9145 0
9146 0
9147 0
9148 0
9149 0
9150 0
9151 0
9152 0
9153 0
9154 0
9155 0
9156 0
9157 0
9158 0
9159 0
9160 0
9161 0
9162 0
9163 0
9164 0
9165 0
9166 0
9167 0
9168 0
9169 0
9170 0
9171 0
9172 0
9173 0
9174 0
9175 0
9176 0
9177 0
9178 0
9179 0
9180 0
9181 0
9182 0
9183 0
9184 0
9185 0
9186 0
9187 0
9188 0
9189 0
9190 0
9191 0
9192 0
9193 0
9194 0
9195 0
9196 0
9197 0
9198 0
9199 0
9200 0
9201 0
9202 0
9203 0
9204 0
9205 0
9206 0
9207 0
9208 0
9209 0
9210 0
9211 0
9212 0
9213 0
9214 0
9215 0
9216 0
9217 0
9218 0
9219 0
9220 0
9221 0
9222 0
9223 0
9224 0
9225 0
9226 0
9227 0
9228 0
9229 0
9230 0
9231 0
9232 0
9233 0
9234 0
9235 0
9236 0
9237 0
9238 0
9239 0
9240 0
9241 0
9242 0
9243 0
9244 0
9245 0
9246 0
9247 0
9248 0
9249 0
9250 0
9251 0
9252 0
9253 0
9254 0
9255 0
9256 0
9257 0
9258 0
9259 0
9260 0
9261 0
9262 0
9263 0
9264 0
9265 0
9266 0
9267 0
9268 0
9269 0
9270 0
9271 0
9272 0
9273 0
9274 0
9275 0
9276 0
9277 0
9278 0
9279 0
9280 0
9281 0
9282 0
9283 0
9284 0
9285 0
9286 0
9287 0
9288 0
9289 0
9290 0
9291 0
9292 0
9293 0
9294 0
9295 0
9296 0
9297 0
9298 0
9299 0
9300 0
9301 0
9302 0
9303 0
9304 0
9305 0
9306 0
9307 0
9308 0
9309 0
9310 0
9311 0
9312 0
9313 0
9314 0
9315 0
9316 0
9317 0
9318 0
9319 0
9320 0
9321 0
9322 0
9323 0
9324 0
9325 0
9326 0
9327 0
9328 0
9329 0
9330 0
9331 0
9332 0
9333 0
9334 0
9335 0
9336 0
9337 0
9338 0
9339 0
9340 0
9341 0
9342 0
9343 0
9344 0
9345 0
9346 0
9347 0
9348 0
9349 0
9350 0
9351 0
9352 0
9353 0
9354 0
9355 0
9356 0
9357 0
9358 0
9359 0
9360 0
9361 0
9362 0
9363 0
9364 0
9365 0
9366 0
9367 0
9368 0
9369 0
9370 0
9371 0
9372 0
9373 0
9374 0
9375 0
9376 0
9377 0
9378 0
9379 0
9380 0
9381 0
9382 0
9383 0
9384 0
9385 0
9386 0
9387 0
9388 0
9389 0
9390 0
9391 0
9392 0
9393 0
9394 0
9395 0
9396 0
9397 0
9398 0
9399 0
9400 0
9401 0
9402 0
9403 0
9404 0
9405 0
9406 0
9407 0
9408 0
9409 0
9410 0
9411 0
9412 0
9413 0
9414 0
9415 0
9416 0
9417 0
9418 0
9419 0
9420 0
9421 0
9422 0
9423 0
9424 0
9425 0
9426 0
9427 0
9428 0
9429 0
9430 0
9431 0
9432 0
9433 0
9434 0
9435 0
9436 0
9437 0
9438 0
9439 0
9440 0
9441 0
9442 0
9443 0
9444 0
9445 0
9446 0
9447 0
9448 0
9449 0
9450 0
9451 0
9452 0
9453 0
9454 0
9455 0
9456 0
9457 0
9458 0
9459 0
9460 0
9461 0
9462 0
9463 0
9464 0
9465 0
9466 0
9467 0
9468 0
9469 0
9470 0
9471 0
9472 0
9473 0
9474 0
9475 0
9476 0
9477 0
9478 0
9479 0
9480 0
9481 0
9482 0
9483 0
9484 0
9485 0
9486 0
9487 0
9488 0
9489 0
9490 0
9491 0
9492 0
9493 0
9494 0
9495 0
9496 0
9497 0
9498 0
9499 0
9500 0
9501 0
9502 0
9503 0
9504 0
9505 0
9506 0
9507 0
9508 0
9509 0
9510 0
9511 0
9512 0
9513 0
9514 0
9515 0
9516 0
9517 0
9518 0
9519 0
9520 0
9521 0
9522 0
9523 0
9524 0
9525 0
9526 0
9527 0
9528 0
9529 0
9530 0
9531 0
9532 0
9533 0
9534 0
9535 0
9536 0
9537 0
9538 0
9539 0
9540 0
9541 0
9542 0
9543 0
9544 0
9545 0
9546 0
9547 0
9548 0
9549 0
9550 0
9551 0
9552 0
9553 0
9554 0
9555 0
9556 0
9557 0
9558 0
9559 0
9560 0
9561 0
9562 0
9563 0
9564 0
9565 0
9566 0
9567 0
9568 0
9569 0
9570 0
9571 0
9572 0
9573 0
9574 0
9575 0
9576 0
9577 0
9578 0
9579 0
9580 0
9581 0
9582 0
9583 0
9584 0
9585 0
9586 0
9587 0
9588 0
9589 0
9590 0
9591 0
9592 0
9593 0
9594 0
9595 0
9596 0
9597 0
9598 0
9599 0
9600 0
9601 0
9602 0
9603 0
9604 0
9605 0
9606 0
9607 0
9608 0
9609 0
9610 0
9611 0
9612 0
9613 0
9614 0
9615 0
9616 0
9617 0
9618 0
9619 0
9620 0
9621 0
9622 0
9623 0
9624 0
9625 0
9626 0
9627 0
9628 0
9629 0
9630 0
9631 0
9632 0
9633 0
9634 0
9635 0
9636 0
9637 0
9638 0
9639 0
9640 0
9641 0
9642 0
9643 0
9644 0
9645 0
9646 0
9647 0
9648 0
9649 0
9650 0
9651 0
9652 0
9653 0
9654 0
9655 0
9656 0
9657 0
9658 0
9659 0
9660 0
9661 0
9662 0
9663 0
9664 0
9665 0
9666 0
9667 0
9668 0
9669 0
9670 0
9671 0
9672 0
9673 0
9674 0
9675 0
9676 0
9677 0
9678 0
9679 0
9680 0
9681 0
9682 0
9683 0
9684 0
9685 0
9686 0
9687 0
9688 0
9689 0
9690 0
9691 0
9692 0
9693 0
9694 0
9695 0
9696 0
9697 0
9698 0
9699 0
9700 0
9701 0
9702 0
9703 0
9704 0
9705 0
9706 0
9707 0
9708 0
9709 0
9710 0
9711 0
9712 0
9713 0
9714 0
9715 0
9716 0
9717 0
9718 0
9719 0
9720 0
9721 0
9722 0
9723 0
9724 0
9725 0
9726 0
9727 0
9728 0
9729 0
9730 0
9731 0
9732 0
9733 0
9734 0
9735 0
9736 0
9737 0
9738 0
9739 0
9740 0
9741 0
9742 0
9743 0
9744 0
9745 0
9746 0
9747 0
9748 0
9749 0
9750 0
9751 0
9752 0
9753 0
9754 0
9755 0
9756 0
9757 0
9758 0
9759 0
9760 0
9761 0
9762 0
9763 0
9764 0
9765 0
9766 0
9767 0
9768 0
9769 0
9770 0
9771 0
9772 0
9773 0
9774 0
9775 0
9776 0
9777 0
9778 0
9779 0
9780 0
9781 0
9782 0
9783 0
9784 0
9785 0
9786 0
9787 0
9788 0
9789 0
9790 0
9791 0
9792 0
9793 0
9794 0
9795 0
9796 0
9797 0
9798 0
9799 0
9800 0
9801 0
9802 0
9803 0
9804 0
9805 0
9806 0
9807 0
9808 0
9809 0
9810 0
9811 0
9812 0
9813 0
9814 0
9815 0
9816 0
9817 0
9818 0
9819 0
9820 0
9821 0
9822 0
9823 0
9824 0
9825 0
9826 0
9827 0
9828 0
9829 0
9830 0
9831 0
9832 0
9833 0
9834 0
9835 0
9836 0
9837 0
9838 0
9839 0
9840 0
9841 0
9842 0
9843 0
9844 0
9845 0
9846 0
9847 0
9848 0
9849 0
9850 0
9851 0
9852 0
9853 0
9854 0
9855 0
9856 0
9857 0
9858 0
9859 0
9860 0
9861 0
9862 0
9863 0
9864 0
9865 0
9866 0
9867 0
9868 0
9869 0
9870 0
9871 0
9872 0
9873 0
9874 0
9875 0
9876 0
9877 0
9878 0
9879 0
9880 0
9881 0
9882 0
9883 0
9884 0
9885 0
9886 0
9887 0
9888 0
9889 0
9890 0
9891 0
9892 0
9893 0
9894 0
9895 0
9896 0
9897 0
9898 0
9899 0
9900 0
9901 0
9902 0
9903 0
9904 0
9905 0
9906 0
9907 0
9908 0
9909 0
9910 0
9911 0
9912 0
9913 0
9914 0
9915 0
9916 0
9917 0
9918 0
9919 0
9920 0
9921 0
9922 0
9923 0
9924 0
9925 0
9926 0
9927 0
9928 0
9929 0
9930 0
9931 0
9932 0
9933 0
9934 0
9935 0
9936 0
9937 0
9938 0
9939 0
9940 0
9941 0
9942 0
9943 0
9944 0
9945 0
9946 0
9947 0
9948 0
9949 0
9950 0
9951 0
9952 0
9953 0
9954 0
9955 0
9956 0
9957 0
9958 0
9959 0
9960 0
9961 0
9962 0
9963 0
9964 0
9965 0
9966 0
9967 0
9968 0
9969 0
9970 0
9971 0
9972 0
9973 0
9974 0
9975 0
9976 0
9977 0
9978 0
9979 0
9980 0
9981 0
9982 0
9983 0
9984 0
9985 0
9986 0
9987 0
9988 0
9989 0
9990 0
9991 0
9992 0
9993 0
9994 0
9995 0
9996 0
9997 0
9998 0
9999 0
10000 0
