1 7.84799
2 1.5696
3 6.59231
4 2.57414
5 5.78868
6 3.21705
7 5.27435
8 3.62851
9 4.94518
10 3.89184
11 4.73452
12 4.06038
13 4.59969
14 4.16824
15 4.5134
16 4.23727
17 4.45817
18 4.28145
19 4.42283
20 4.30973
21 4.40021
22 4.32782
23 4.38573
24 4.33941
25 4.37647
26 4.34682
27 4.37054
28 4.35156
29 4.36674
30 4.3546
31 4.36431
32 4.35654
33 4.36276
34 4.35778
35 4.36176
36 4.35858
37 4.36113
38 4.35909
39 4.36072
40 4.35942
41 4.36046
42 4.35962
43 4.36029
44 4.35976
45 4.36019
46 4.35984
47 4.36012
48 4.3599
49 4.36007
50 4.35993
