1 1990.19
2 1983.2
3 1972.81
4 1966.78
5 1955.71
6 1950.91
7 1939.32
8 1935.54
9 1923.83
10 1920.31
11 1908.61
12 1905.07
13 1893.37
14 1889.84
15 1878.13
16 1874.6
17 1862.89
18 1859.36
19 1847.65
20 1844.12
21 1832.42
22 1828.88
23 1817.18
24 1813.64
25 1801.94
26 1798.41
27 1786.7
28 1783.17
29 1771.46
30 1767.93
31 1756.23
32 1752.69
33 1740.99
34 1737.45
35 1725.75
36 1722.22
37 1710.51
38 1706.98
39 1695.27
40 1691.74
41 1680.03
42 1676.5
43 1664.8
44 1661.26
45 1649.56
46 1646.02
47 1634.32
48 1630.79
49 1619.08
50 1615.55
