1 -8.80999
2 -10.772
3 -19.0124
4 -22.2301
5 -29.4659
6 -33.4872
7 -40.0802
8 -44.6158
9 -50.7973
10 -55.6621
11 -61.5802
12 -66.6557
13 -72.4053
14 -77.6156
15 -83.2574
16 -88.554
17 -94.1267
18 -99.4785
19 -105.007
20 -110.394
21 -115.894
22 -121.304
23 -126.786
24 -132.211
25 -137.681
26 -143.115
27 -148.578
28 -154.017
29 -159.476
30 -164.919
31 -170.374
32 -175.82
33 -181.274
34 -186.721
35 -192.173
36 -197.621
37 -203.073
38 -208.522
39 -213.972
40 -219.422
41 -224.872
42 -230.322
43 -235.772
44 -241.222
45 -246.672
46 -252.122
47 -257.572
48 -263.022
49 -268.472
50 -273.922
