1 -9.80999
2 -9.80999
3 -9.80999
4 -9.80999
5 -9.80999
6 -9.80999
7 -9.80999
8 -9.80999
9 -9.80999
10 -9.80999
11 -9.80999
12 -9.80999
13 -9.80999
14 -9.80999
15 -9.80999
16 -9.80999
17 -9.80999
18 -9.80999
19 -9.80999
20 -9.80999
21 -9.80999
22 -9.80999
23 -9.80999
24 -9.80999
25 -9.80999
26 -9.80999
27 -9.80999
28 -9.80999
29 -9.80999
30 -9.80999
31 -9.80999
32 -9.80999
33 -9.80999
34 -9.80999
35 -9.80999
36 -9.80999
37 -9.80999
38 -9.80999
39 -9.80999
40 -9.80999
41 -9.80999
42 -9.80999
43 -9.80999
44 -9.80999
45 -9.80999
46 -9.80999
47 -9.80999
48 -9.80999
49 -9.80999
50 -9.80999
